ID	B_cells_naive_CIBERSORT	B_cells_memory_CIBERSORT	Plasma_cells_CIBERSORT	T_cells_CD8_CIBERSORT	T_cells_CD4_naive_CIBERSORT	T_cells_CD4_memory_resting_CIBERSORT	T_cells_CD4_memory_activated_CIBERSORT	T_cells_follicular_helper_CIBERSORT	T_cells_regulatory_(Tregs)_CIBERSORT	T_cells_gamma_delta_CIBERSORT	NK_cells_resting_CIBERSORT	NK_cells_activated_CIBERSORT	Monocytes_CIBERSORT	Macrophages_M0_CIBERSORT	Macrophages_M1_CIBERSORT	Macrophages_M2_CIBERSORT	Dendritic_cells_resting_CIBERSORT	Dendritic_cells_activated_CIBERSORT	Mast_cells_resting_CIBERSORT	Mast_cells_activated_CIBERSORT	Eosinophils_CIBERSORT	Neutrophils_CIBERSORT	P-value_CIBERSORT	Correlation_CIBERSORT	RMSE_CIBERSORT
GSM2449608	0.0223575218860364	0	0.0039370418938738	0.199209155601417	0.159299335691369	0	0.0400407589209216	0	0.0300874976410323	0	0.141696695690164	0	0.108946011961445	0	0.00401831979621678	0	0.00960744241128701	0.00731001901872797	0.00445016844549081	0	0	0.269040031042018	0	0.771556155763455	0.673068657755369
GSM2449609	0.0331021022410629	0.00458361431544185	0	0.150962659910688	0.123086184372843	0	0.0652072900188877	0	0	0	0.132291919370846	0	0.224063094780751	0	0	0	0	0.000406401490068508	0.00246729214411109	0	0	0.263829441355302	0	0.807661703519017	0.643800488410444
GSM2449610	0.0374096468481222	0	0	0.189709053668164	0.104813359954855	0	0.0703562726206335	0	0.00280423306264763	0	0.177822915276251	0	0.189417781512304	0	0	0	0	0.00403420151787875	0.011149762631722	0	4.60375881954094e-06	0.212478169148603	0	0.787132330059005	0.668233619423512
GSM2449611	0.00907300717224915	0	0.00128528847592544	0.223488464371006	0.0886527119773951	0	0.0405408968503846	0	0.00971212031934506	0	0.181326586130969	0	0.184127794154394	0	0	0	0.0011492658151228	0	0.00795441048818957	0	0	0.252689454245018	0	0.811448634573504	0.634806059054518
GSM2449612	0.0179805944184808	0	0.00564602329553144	0.18966549539774	0.112938803101094	0	0.044221508196566	0	0.0384703936696198	0	0.10950446150945	0	0.123269819821519	0	0.00359601888482607	0	0.0105456609721221	0.0116852596742954	0.00714885435782049	0	0	0.325327106700934	0	0.776536286079213	0.66324835022652
GSM2449613	0.0362759465214087	0	0	0.0966605935464511	0.0936785124218812	0	0.0468312106199453	0	2.65005552637663e-05	0	0.140763612818916	0	0.152025087084334	0	0	0	0	0.000929228025467677	0.00192141192063275	0	0	0.430887896485699	0	0.859954605543002	0.551996308400022
GSM2449614	0.0393499250059092	0	0	0.146775304310307	0.160576780699037	0	0.0337081869894658	0	0.0102951961266645	0	0.0863101628621984	0	0.0782101626170193	0	0	0	0	0.00405630960471468	0.00206248968850094	0	0	0.438655482096184	0	0.828209980798478	0.590344028075332
GSM2449615	0.00549532423311081	0	0.00027153668584494	0.257790158337249	0.0813544484525438	0	0.034344811892671	0	0.0188778240505841	0	0.151070632702769	0	0.111047057225697	0	0.00238288900042825	0	0.00725275144200876	0.00217315239905929	0	0	0	0.327939413578034	0	0.83380035319867	0.601165912750384
GSM2449616	0.0269879219630634	0	0.0056677567490644	0.133439346420578	0.128448694658448	0	0.0311129216796104	0	0.0136295514896354	0	0.123100537448866	0	0.15844838385269	0	0.000227364564391177	0	0	0.00864048123542501	0.0071943361239289	0	0	0.363102703814299	0	0.80864509180466	0.624524183898177
GSM2449617	0.0231977304748319	0	0	0.194022725067758	0.0984940517826772	0	0.0424485713184835	0	0.0300609830463104	0	0.146585460904723	0	0.0987808361373702	0	0.00376895036356794	0	0.00670907053130521	0.00055762299132588	0	0.00128579453364355	0	0.354088202848003	0	0.832341029120152	0.602458731952904
GSM2449618	0.0276709780288752	0	0.00373714550553754	0.192961884620933	0.14022582227633	0	0.0116523149899374	0	0.0024823284388134	0	0.104586561520268	0	0.0916084421558199	0	0	0	0	0.00393667443384616	0.00579274686590902	0	0	0.415345101163731	0	0.824449850381569	0.597115768191615
GSM2449619	0.0254641432481673	0	0.0103983501371168	0.124188480382651	0.0812221681574336	0	0.0749031820555841	0	0	0	0.185731491225653	0	0.129302985488796	0	0.0050397057281416	0	0.00540884675618568	0.0122750718744944	0	0.00076000304133818	0	0.345305571904438	0	0.807859443928914	0.630297682827757
GSM2449620	0.0300531248471995	0	0.0083179245694695	0.0950919098438128	0.106600012575161	0	0.0455731734271356	0	0.00166166514732064	0	0.139123610381466	0	0.128149161872371	0	0	0	0	0.00256271044839867	0.00196333222061398	0	0	0.440903374667051	0	0.842188658787501	0.572333660675974
GSM2449621	0.010359826177852	0	0.000300757655890216	0.138761033567704	0.11443268628232	0	0.0663480061661013	0	0.00206814913774618	0	0.154764635426694	0	0.137451362822746	0.00718613081458429	0	0	0	0	0	0	0	0.368327411948362	0	0.842230480061043	0.587962718904005
GSM2449622	0.0184498317914111	0.00858583063635287	0.00491263833188907	0.0406669490094919	0.137874894295234	0.00165962845885359	0.0458187142416257	0	0	0.0410435072152629	0.126031582307561	0	0.0889201089483969	0	0	0	0	0.00755627882291011	0.0119803760604203	0	0.0495467700622213	0.41695288981837	0	0.784359598042	0.640655612296408
GSM2449623	0	0.00661728864656791	0.00500727778447602	0.146738607880275	0.121357429237557	0	0.0360894943905343	0	0.0267553184664202	0	0.14848607669217	0	0.135886120038581	0.00800384624327762	0.00264236225745635	0	0.00555370790328897	0.007689400139945	0	0.004829214004423	0	0.344343856315027	0	0.818449649465938	0.618735674131527
GSM2449624	0.0234631646640372	0	0	0.167443358094741	0.266868040230836	0	0.0188302274850785	0	0.0123916642063377	0	0.102754706477862	0	0.0797486186044898	0	0	0	0	0.00177461786374247	0.0113405806291858	0	0	0.31538502174369	0	0.796127842396361	0.64161969664914
GSM2449625	0.0201127876268267	0	0.00437526734620735	0.136963940113465	0.146360874232855	0	0.0519393964257938	0	0.001838810020185	0	0.111671970940046	0	0.114419061376711	0	0	0	0	0.00617848217820975	0.014541793024972	0	0	0.391597616714728	0	0.807253941037309	0.62236747594671
GSM2449626	0.0185596115491092	0	0.00339137613455201	0.082034024897682	0.160374067791227	0	0.0745476935954974	0	0.00800879981714678	0	0.175955468865407	0	0.0893392437995095	0	0.00384949221861441	0	0.00819628305292414	0	0	0	0	0.375743938278331	0	0.847761443716352	0.585071216120082
GSM2449627	0.00317601437548747	0	0.00550136345748464	0.177942790916942	0.152069535774441	0	0.055840931203264	0	0.0211838754125344	0	0.169658637489143	0	0.10321758893246	0	0.0038596294021864	0	0.00917792192638746	0	0	0	0	0.29837171110967	0	0.817892315730063	0.625884971765316
GSM2449628	0.00462996369642193	0.0124397656907253	0.000263671356137226	0.148775763067243	0.173334569988035	0	0.0381875662220178	0	0.0304268981462058	0	0.117937590929995	0	0.064785760167149	0	0.0030050331123468	0	0.00751860052852747	0	0	0	0	0.398694817095196	0	0.832806091286315	0.593455812128341
GSM2449629	0.0746062176436632	0	0	0.186538701503377	0.143012570800913	0	0.0509693764108987	0	0.0183916973783134	0	0.127432499963598	0	0.130578311242053	0	0	0	0	0.0011375942602557	0.00647384605708503	0	0	0.260859184739842	0	0.794714368015432	0.65857284337445
GSM2449630	0	0.00113623167226174	0.00529836100771563	0.0986174967822139	0.0807626020552211	0	0.0334051564367175	0	0	0	0.172101776643955	0	0.226055063448608	0	0	0	0	0.0012950953035653	0	0	0	0.381328216649742	0	0.839161233733573	0.579265971294532
GSM2449631	0.0287859828179596	0	0	0.17795092320741	0.117976379553134	0	0.059670828278393	0	0	0	0.154077315815619	0	0.152946503090099	0	0	0	0	0.00113261923320918	0.0075259894484067	0	0	0.299933458555769	0	0.811235939269691	0.633540134605288
GSM2449632	0.0184160625519747	0	0	0.103543251512508	0.127365708779887	0	0.0435519874900303	0	0	0	0.136708510816609	0	0.158520350709562	0.00520135706675268	0	0	0	0	0.00415235279433022	0	0	0.402540418278347	0	0.848356793229083	0.572117648385771
GSM2449633	0.0136104496258851	0	0	0.11969994174588	0.0797141581534463	0	0.0552692429533206	0	0.0014856038479605	0	0.151091969426807	0	0.197556487208461	0.000434545828835156	0	0.000203162733453744	0	0	0.0101001500868988	0	0	0.370834288389052	0	0.842979217976596	0.583283036897912
GSM2449634	0.0240669651841364	0	0.000420240565747591	0.196605654029777	0.103036569891922	0	0.0622100380905331	0	0.0100056217531866	0	0.192295646410307	0	0.172096095182393	0	0	0	5.73723754154071e-05	0	0.00233522252025555	0	0	0.236870573996326	0	0.807362838568454	0.643088219653451
GSM2449635	0.0244231074621628	0	0	0.15392452590408	0.0921419877608582	0	0.0435713197937187	0	0.0040819939142621	0	0.193140095258036	0	0.143624034068337	0	0	0	0	0.00375002151261424	0	0	0	0.341342914325932	0	0.796574914270042	0.635805873466142
GSM2449636	0.00919907568849161	0	0.00457687740383671	0.0980689808251076	0.181425699983442	0	0.0357472675581866	0	0.0274558042764852	0	0.127501932981985	0	0.104989597275394	0.00221686410574278	0.00286438683008714	0	0.00296926042867962	0.000594914885118315	0.0144734352037865	0	0	0.387915902553656	0	0.805329696921667	0.624354325053466
GSM2449637	0.0170641153564131	0	0	0.151041805437247	0.105567597968721	0	0.0653490651493102	0	0.00750353539092021	0	0.142602282547214	0	0.155809981061031	0	0	0	0	0.00129815326329451	0.00313647691995683	0	0	0.350626986905894	0	0.837664067116377	0.59729229466263
GSM2449638	0.00136035452015119	0	0.00576478478055934	0.0591653476118144	0.124740492804657	0	0.0450601182774181	0	0.000355698180796188	0.0294044968709521	0.0838347395233196	0	0.117738151272142	0	4.5654203913107e-05	0	0.00192013423705674	0	0	0	0	0.53061002771722	0	0.844154782903742	0.549379681154237
GSM2449639	0.0401808934158774	0	0.00164741542628401	0.0710701088325364	0.149351856734073	0	0.0404710484806678	0	0	0	0.151379098316459	0	0.187727538599923	0	0	0	0	0.00209108123358495	0.0209238995915808	0	0	0.335157059369013	0	0.811927869004916	0.627620379936398
GSM2449640	0.0170360585381298	0	0.00106607677966327	0.099363356476961	0.0646091781368448	0	0.047979232152167	0	0.00179954424340556	0	0.137564786199191	0	0.145001705612278	0.0033750073191137	0	0	0	0.00170029026280643	0.0048413548426407	0	0	0.475663409436799	0	0.862081819016755	0.536677649568625
GSM2449641	0.0152767416978737	0	0.00717998123331141	0.0409773567756207	0.0889120976102105	0	0.0163529722456098	0	0.0165451595834997	0.0127133849929109	0.0595153714662428	0	0.120323534964297	0	0	0	0.000127575121022848	0.00302806769388251	0.00873835603666502	0	0	0.610309400578853	0	0.866837681983153	0.505167025337473
GSM2449642	0.0217802585818601	0	0	0.0547793522125292	0.134496581352965	0	0.034038626833751	0	0	0.01376573907704	0.115971875331692	0	0.137478503833804	0	0	0	0	0.00733247198054924	0.00531952359445117	0	0	0.475037067201358	0	0.830919255912301	0.576277384240208
GSM2449643	0.021821010110691	0	0	0.129193391083645	0.0675059246472063	0	0.0254972291729198	0	0	0	0.140215645468017	0	0.21464986212553	0.000465477268540066	0	0	0	0	0.0133150360001275	0	0	0.387336424123324	0	0.851475489326165	0.567399340968604
GSM2449644	0.0119394605583872	0	0.00106436365765889	0.0865413826805532	0.0169238518277371	0	0.0404101360482013	0	0	0.070142782333903	0.0979139703814407	0	0.304854865064427	0	0	0	0	0.0120937835623831	0.00124542075660211	0	0	0.356869983128706	0	0.812963695137884	0.606232359539434
GSM2449645	0.0452682270370565	0	6.85195887167616e-05	0.058460089315828	0.0632821138337384	0	0.0394760743257676	0	0	0.0159396426344863	0.127777196686929	0	0.118061042035612	0	0	0	0	0.00191926607072262	0.0151812571227375	0	0	0.514566571348404	0	0.861155414736293	0.53116661461115
GSM2449646	0.00922170846249324	0	0.00392984486879568	0.0328474497540286	0.154338407163578	0	0.0331701854980821	0	0	0	0.150222872628544	0	0.188182413456919	0	0	0	0	0.0036344437356019	0.00833498309220408	0	0	0.416117691339754	0	0.839878972530276	0.575719732570211
GSM2449647	0.0164927596597052	0	0.000481883589351064	0.0537304595143435	0.124477627575998	0	0.0220783439875018	0	0	0	0.10314077242778	0	0.138628845863853	0.0100181328431143	0	0	0	0.00228777189042056	0.0178720280864776	0	0	0.510791374561455	0	0.850322429857176	0.544498554249759
GSM2449648	0.0132594479756337	0	0.00199123895131542	0.100782206601431	0.0254901437352079	0	0.041476458624707	0	0	0.0510539881797707	0.0924760029612988	0	0.165222560232628	0	0	0	0.00169868831666365	0.00625654652992971	0.0163465183984604	0	0	0.483946199492953	0	0.809252125527304	0.598162217327163
GSM2449649	0.0119059506911664	0	0.00382263778460599	0.149613004970915	0.0935877716500341	0	0.0303693643927838	0	0	0	0.1489615120353	0	0.203392431760353	0.00475571571160086	0	0	0	0.0042200762609801	0.00449473429719989	0	0	0.344876800445061	0	0.829920426637767	0.601923057127978
GSM2449650	0.0360458666585505	0	0.00513800586217578	0.130886170887318	0.168275736608009	0	0.0245160107224035	0	0.00123118413329748	0	0.110139485309907	0	0.140537072811162	0.00186977084039455	0	0	0	0	0.00427390095076193	0	0	0.37708679521602	0	0.829863819207949	0.600130453457038
GSM2449651	0.00861772496211328	0	0.00331649972145685	0.0481133342829501	0.0743421045065082	0	0.0415650820572297	0	0	0.0209456946148374	0.189570797161788	0	0.183640260635599	0.00630808640323416	0	0	0	0.00331202535694911	0.00409648374514979	0	0	0.416171906552185	0	0.839040809205596	0.573616188545607
GSM2449652	0.0189513508193239	0	0.00197416556914053	0.0613784928303311	0.087806728264229	0.00924986842679959	0.0266762114166062	0	0	0	0.113367767270851	0	0.156183629193781	0.00725183899796381	0	0	0	0.00193680221417278	0.0134296875556123	0	0	0.501793457441189	0	0.859714656618961	0.532888680683248
GSM2449653	0.0240004575028702	0	0.000258957971292958	0.121767824641665	0.0599949907363405	0	0.0558676608198235	0	0	0.0120339302127513	0.160502963944904	0	0.116699993995815	0	0	0	0	0.000836805278807306	0.0271381134978236	0	0	0.420898301397906	0	0.845378962079339	0.573649024429253
GSM2449654	0.0244132144453311	0	0.00150808151668374	0.0696652898323826	0.113800754730732	0	0.0321918911454436	0	0	0	0.0811700263565475	0	0.217297357507934	0.00421758104160211	0	0	0	0.000744358383192517	0.00654820381199179	0	0	0.44844324122816	0	0.858876994631392	0.54261114894062
GSM2449655	0.0277908666977504	0.00355278809857751	0	0.0439045799056623	0.256872236676459	0	0.0528178906350647	0	0	0.00349105429164716	0.137877001483878	0	0.22566866552992	0	0	0	0	0.00675110616643954	0.00342653698317202	0	0	0.23784727353143	0	0.800854889453977	0.655828942418984
GSM2449656	0.0162758263829411	0.0200583478598078	0	0.229122723151227	0.138913344002824	0	0.0542318216205858	0	0	0.106100027244714	0.0329746003066424	0	0.135733515450718	0	0.000454509822617891	0	0	0.00831139221726424	0.00193305469574434	0	0	0.255890837244913	0	0.732328116621183	0.703605707790552
GSM2449657	0.0314182273735024	0.0077328620628677	0	0.111959341571542	0.132969544440915	0	0.0406598305729098	0	0	0	0.171888355971234	0	0.155348630845678	0	0	0.00092063509059587	0	0.00431906513355961	0	0	0	0.342783506937195	0	0.826734245704736	0.609680716178806
GSM2449658	0.0199967921581074	0	0.000823988452544735	0.114368123019248	0.0614114046803667	0	0.0717011303037518	0	0	0.0285946009382587	0.11816943622269	0	0.159133550084615	0.00882214975125126	0	0	0	0	0.0111937036800921	0	0	0.405785120709074	0	0.833396764133089	0.588542682539066
GSM2449659	3.46570480738815e-05	0.0156432725554295	0.0104187296013083	0.056752143753787	0.0789193539644678	0	0.0534858763337324	0	0	0	0.142024866143094	0	0.216740085282833	0	0	0	0	0.0105686515437444	0.00341030563606868	0	0	0.41200205813746	0	0.840465365915862	0.575018347287947
GSM2449660	0.0222163837419147	0	7.8242973899921e-06	0.217030519338428	0.123833008896672	0	0.077140766993051	0	0.00139162495930435	0	0.148471259679063	0	0.0867169092721435	0	0	0	0	0.00322149548990071	0.00583938621856173	0	0.0141430111875608	0.299987809926009	0	0.802203913651929	0.641989059747709
GSM2449661	0.00329534750492016	0.00291280889318574	0.00407201123035219	0.157933780478828	0.11793485240683	0	0.0546562428420181	0	0	0	0.162505690907386	0	0.108812464778418	0	0	0	0	0.00283848906117491	0.000662084584978604	0	0	0.384376227311908	0	0.825026263271094	0.601687257997133
GSM2449662	0.00717358299199386	0	0.00233416473596863	0.0547907592551852	0.108795266385398	0	0.023097550726592	0	0	0	0.12462752466547	0	0.207704223968563	0.00390567814374825	0	0	0	0.000131077565514148	0.00441846218712003	0	0	0.463021709374448	0	0.862377380872175	0.533491693455249
GSM2449663	0.0167333112475693	0	0.0054262207803447	0.126021753969742	0.0638093313443977	0	0.0623780615899188	0	0	0.120112363570327	0.10242164479058	0	0.201622558268463	0	0.00370022071620389	0	0.00205400278915315	0.00961858701061963	0	0.00985607062951079	0	0.27624587329317	0	0.814627792140931	0.631266139506601
GSM2449664	0	0.00196296288183991	0.00493784156112454	0.115926542809936	0.0555950673597273	0	0.0586066874200476	0	0	0	0.185763421521586	0	0.150196942376002	0	0	0	0	0.0148815463866385	0.00223965862260736	0	0	0.409889329060491	0	0.771453920747534	0.649542884121931
GSM2449665	0.0153078065752018	0	0.00655597764570881	0.276893269953849	0	0	0.105066698717525	0	0	0.0915657947514518	0.123146036180336	0	0.123628617928156	0	0.00315857030320299	0	0.00599410163070088	0.00437536874165603	0	0.00450205474039612	0	0.239805702831816	0	0.805166547111368	0.641954085082031
GSM2449666	0.0261945685291451	0	0.000355301108269527	0.171936599734357	0.152527036716692	0	0.0323095109664945	0	0.00529742988733964	0	0.0982289519201611	0	0.114215762574761	0	0	0	0	0.00103710786422656	0.0153125579983524	0	0.000846332880057713	0.381738839820143	0	0.818782600181477	0.611213565751729
GSM2449667	0.0294826993751772	0	0.00346289778634476	0.0655153414465245	0.125731563441024	0	0.0300207800313061	0	0.00803257898337681	0	0.086655337607976	0	0.176501786711742	0.0308836885430399	0	0	0	0	0.00627273900259102	0	0	0.437440587070898	0	0.857722058688499	0.551672806125004
GSM2449668	0.0304290509688808	0	0	0.125777851679881	0.129079547386201	0	0.053777456992581	0	0.00467746817612408	0	0.142095173767345	0	0.137181375974523	0	0	0	0	0.00242962636143198	0.00829670715366084	0	0	0.366255741539371	0	0.826137695470208	0.607412059439242
GSM2449669	0.0266145241038202	0	0.000763892796793069	0.0956847501973205	0.144627250124453	0	0.0345594067792159	0	0	0.0443052675381932	0.137327750787006	0	0.216922181325647	0	0	0	0	0.00332344899430469	0.0047772260423495	0	0	0.291094301310897	0	0.830785389094556	0.613958803229972
GSM2449670	0.0232609361586178	0	0	0.185796270180891	0.169272005533571	0	0.0385582766318459	0	0.00127780737010907	0	0.106620980651205	0	0.152721665688761	0	0	0	0.000268491987360751	0.00661202768333104	0.0122658646821874	0	0	0.303345673432121	0	0.774081245550338	0.665990670285442
GSM2449671	0.0244252791831006	0	0.00014473814639163	0.131366671618304	0.13509579952003	0	0.0210036616253419	0	0.00275515164856201	0	0.0578747090672074	0	0.206349928086504	0	0	0	0	0	0.019798124090619	0	0	0.401185937013939	0	0.859087691535383	0.557518025701461
GSM2449672	0.0387997270606997	0	0.000419904736165254	0.0551746259687013	0.082881008022818	0	0.0389955697574068	0	0.00165144702881399	0	0.186175403017114	0	0.217098048122141	0	0	0	0	0	0	0	0	0.37880426628614	0	0.821437194009529	0.601057770853702
GSM2449673	0.0295344426383627	0	0.00319517563252913	0.226111563553865	0.152332180385147	0	0.0371299908873725	0	0.0279059113935897	0	0.130738245267183	0	0.107014149629493	0	0.00335982347474787	0	0.00821061619780245	0.00827660176213944	0.0019278876949328	0	0	0.264263411482836	0	0.773196620969037	0.671519744478896
GSM2449674	0.0287040128895248	0	0.00244843622366491	0.230349929651232	0.120454338684872	0	0.0447857989140155	0	0.00786524028541151	0	0.13869971376878	0	0.189652780675773	0	0	0	0.000535928804265834	0.00411644295255749	0.0130590379390347	0	0	0.219328339210869	0	0.802204106178088	0.654329896026585
GSM2449675	0.0402325105316443	0	0	0.0790467222928611	0.0942944212707566	0	0.0426929403049216	0	0	0.00988822903570614	0.140080711308173	0	0.159757881298031	0	0	0	0	0.00032997440464293	0.00222954816508869	0	0	0.431447061388174	0	0.861882324410015	0.5486514493724
GSM2449676	0.00406807545494319	0.00152813810383148	0.00150868353221681	0.164139996526138	0.144733982600041	0	0.0387312074258688	0	0.0290278286423841	0	0.206589143875261	0	0.0873831974570617	0	0.00376143044059221	0	0.00844787828114199	0	0	0	0	0.310080437660519	0	0.818073499716657	0.620001430147617
GSM2449677	0.0564944004700458	0	0	0.173759809787213	0.165775433396386	0	0.0490633204603513	0	0.026900017437525	0	0.139563186883702	0	0.0946041937581866	0	0.00294981454972329	0	0.00602374053966094	0.00230194670286802	0.00593544049190485	0	0	0.276628695522433	0	0.790792717287126	0.65864197230012
GSM2449678	0	0	0.00666432484869339	0.120269714539817	0.0665453481894969	0	0.0318495069471945	0	0	0	0.167775275553183	0	0.219147999969455	0	0	0	0	0.00204217473326537	0	0	0	0.385705655218895	0	0.83775056690966	0.580178304379477
GSM2449679	0.00821319652484814	0.00449407886047387	0.000468856243367842	0.143742662809524	0.100540624558867	0	0.0470170124620128	0	0.00816918875671113	0	0.205181619264657	0	0.125790055641495	0	0	0	0	0.00525127753210009	0	0	0	0.351131427345943	0	0.784435031045342	0.64521558124099
GSM2449680	0.0178896561984463	0	0.00027489735467799	0.128772319883871	0.111582419080244	0	0.0778083204282529	0	0.00521662145625606	0	0.134839405044121	0	0.16278947369259	0	0	0	0	0.000185302845274479	0.00741232267188501	0	0	0.353229261344382	0	0.847871336514858	0.588090720407817
GSM2449682	0.00767090645575411	0.00459720847377402	0.00386061940571161	0.112312558931483	0.098895067654211	0	0.025674813739618	0	0	0	0.0656093193809225	0	0.174016076747711	0.0031069847711136	0	0	0	0	0.00884009257990883	0	0	0.495416351859792	0	0.839010374088958	0.559703299151818
GSM2449683	0.0346338602240093	0	0.00180384097010342	0.0923456434906785	0.0752750738939708	0	0.0413605114215189	0	0	0.062957701967076	0.134049336374655	0	0.145138852364879	0	0	0.00331931039175239	0	0.00444260495661944	0.00262990673109602	0	0	0.402043357213642	0	0.808240087874634	0.614404147726339
GSM2449684	0.0356908224877389	0	0.00263763387467211	0.0646463236221152	0.156684942344859	2.40028110332399e-06	0.0355006056753358	0	0	0	0.13719714011442	0	0.196450546852718	0	0	0	0	0.00216140524399896	0.0205169680160453	0	0	0.348511211486993	0	0.81837578517727	0.617681230189221
GSM2449685	0.0123824275405397	0.00355301867105217	0.00459875830723192	0.126226575825097	0.0226210669463301	0	0.0516447289749256	0	0	0	0.166474517965315	0	0.185005960366976	0.00113112801075951	0	0	0	0.00243642479976581	0.00650729745811069	0	0.00643666290103337	0.410981432232862	0	0.82877031067631	0.58799928842789
GSM2449686	0.0251968936876601	0.00345744318748994	0	0.0813740479333364	0.147896836871566	0	0.0344040436415521	0	0	0	0.181929802077971	0	0.15017361721185	0	0	0	0	0.00798705535637884	0.0075814803480156	0	0	0.35999877968418	0	0.817732738029812	0.614831120169846
GSM2449687	0.0330973418793012	0	0	0.0365702037889534	0.150512226059609	0	0.0573683876538273	0	0	0	0.208769832054653	0	0.158761723326352	0	0	0	0	0.00385710009277407	0.0145453642934597	0	0	0.336517820851071	0	0.789083770461371	0.647097249652944
GSM2449688	0.0185964750121133	0	0.0034258613768226	0.0937921606017454	0.0674133959001195	0	0.100727588183387	0	0	0.00296955824938555	0.200626847638515	0	0.115308535391442	0	0	0	0	0.00639736095530235	0.00906249014471852	0	0	0.381679726546449	0	0.836926476481206	0.592094194123996
GSM2449689	0	0.0043437908764855	0.00490094597928049	0.0597412276015497	0.101276465540321	0	0.0340900550746561	0.00243763041563182	0.0016584425420953	0.0252270090208029	0.121095916869297	0	0.136893322384223	0	0.000817571565367112	0	0.0023406228078582	0.00949172116464354	0	0	0	0.495685278157789	0	0.831530806233741	0.570852349074019
GSM2449690	0.00788850448385938	0.00395222024905189	0	0.0717445078150256	0.0802952798468137	0	0.0419346526531622	0	0	0.00526799821698634	0.0613656436452785	0	0.155118429463998	0	0	0	0	0.00420813967152791	0.0203229883952	0	0	0.547901635559096	0	0.869343039629066	0.509414964716615
GSM2449691	0.0405460239064573	0.0191990414574984	0	0.191401971788251	0.123212844870603	0	0.0478843136637667	0	0.00237861681587705	0.0108536253252014	0.226116821691211	0	0.0959760537996031	0	0	0.00180281616294875	0	0.000978143175768689	0.0114056550972618	0	0	0.228244072245552	0	0.795909266487897	0.652344423100062
GSM2449692	0.0199403867657179	0	0.00175539460568303	0.0507578355992749	0.0706637111189349	0	0.0275554468651698	0	0.0020945976723804	0	0.151984326030383	0	0.179023726475029	0.00550648356318641	0	0	0	0.000451115560799888	0.00497030254501053	0	0	0.48529667319843	0	0.84698898577959	0.550316257162373
GSM2449693	0.00415969882912426	0	0.00497624122723128	0.0706742928818768	0.029369482233722	0	0.0365371596588105	0	0	0.0587770996463987	0.199107882674823	0	0.158028032571031	0.00418898420444771	0	0	0	0.00280785746732508	0	0	0	0.431373268605209	0	0.853162997786024	0.550836875520182
GSM2449694	0.01979165240037	0	0	0.249333769086726	0.0424715388466837	0	0.0630918337603007	0	0.00190565143814301	0.0038727297017249	0.191724135352318	0	0.0890470393244863	0	0	0.000132234944943269	0	0.00197432272478109	0	0	0	0.336655092419523	0	0.825487144474835	0.606291534980338
GSM2449695	0.0356098315065779	0	0	0.203998730442138	0.0881131542998267	0	0.0453718262602714	0	0	0	0.186901301438268	0	0.166289050067978	0	0	0	0	0.00410832502121036	0.00276759717615531	0	0	0.266840183787575	0	0.814713075913929	0.632317048490152
GSM2449696	0.0135992427763169	0.0037191740966202	0.00228247454272356	0.0556903368297913	0.131482966704439	0	0.0380914089569234	0	0.00277323248966867	0	0.144225040392489	0	0.165983194977132	0.00818700365605213	0	0.00147470350233944	0	0.00137008358750517	0.00479439304582991	0	0.0168395340664334	0.409487210375736	0	0.823210471272759	0.597582999739155
GSM2449697	0.0297576759836179	0.0029108146724906	0	0.204210025228242	0.119839639302769	0	0.0479220802549878	0	0	0	0.156761141045424	0	0.149827260068873	0	0	0	0	0.00549793598951862	0.0131231834048365	0	0	0.270150244049241	0	0.778777683671212	0.666446431164304
GSM2449698	0.0386879662496794	0	0	0.203995068142495	0.0936222982517376	0	0.0531134164297907	0	0.00779733197211133	0	0.15291668095625	0	0.163388329244015	0	0	0.000399791925595613	0	0.00114589212101351	0.00885934661699294	0	0	0.276073878090319	0	0.802997484481524	0.64496605247587
GSM2449699	0.0308589664777465	0.00187410022394944	0.00389226076146065	0.0728010891393077	0.159144532860837	0	0.0608997615455871	0	0	0	0.165005504437658	0	0.23209233384887	0	0	0	0	0.00460410787543236	0.0104981641173362	0	0	0.258329178711816	0	0.77660297597207	0.671885762146063
GSM2449700	0.031372729014798	0	0.00493180823948727	0.0713513745641268	0.0463714235935395	0	0.0625611856366979	0	0	0.0272584275968184	0.117321748132542	0	0.0921469642897848	0.000388314328167273	0.00128207288608553	0	0.000505222228437752	0.00244293449753897	0.0135616101500405	0	0	0.528504184841935	0	0.874082001220994	0.512177820302818
GSM2449701	0.0130627187723451	0.00039761768614472	0.00303685743950688	0.119171878487992	0.105479648967157	0	0.0495895254266218	0	0.00105632559911743	0	0.160722144645603	0	0.140223962556433	0	0	0	0	0.00120696079371311	0.015860509554729	0	0	0.390191850070638	0	0.844061333269288	0.581412960681689
GSM2449702	0.0356300520363863	0.00444313493344897	0	0.20229022862254	0.210252394186793	0	0.0438340379309402	0	0.0261997530740758	0.00229374034188984	0.201038537539172	0	0.0544874624945393	0	0.0039392144198385	0	0.00843582738239358	0.00782100629266122	0	0	0	0.199334610745322	0	0.79680955066059	0.651155629263174
GSM2449703	0	0.0139808305851499	0.00577045702343261	0.0816688819471137	0.0564997776177592	0	0.0330444235985676	0	0	0	0.190846519391592	0	0.0905390411632867	0.0145385123632121	0	0	0	0.00258148028703145	0.00628414335819305	0	0	0.504245932664662	0	0.800964665990666	0.607267869493018
GSM2449704	0.0576400514399119	0	0	0.246209090671282	0.100836384138931	0	0.0569656008103604	0	0	0	0.179333144943064	0	0.135884301754316	0	0	0	0	0.00277308844517774	0	0	0	0.220358337796957	0	0.80130090477024	0.650946977420527
GSM2449705	0.0165492418222351	0	0.00123023556635074	0.106477038505362	0.117953273725201	0	0.0281665927396348	0	0	0	0.173065309774585	0	0.142354034698924	0.00765112818728171	0	0	0	0	0	0	0	0.406553144980426	0	0.840935011823717	0.577698040009907
GSM2449706	0.0455554013946157	0	0	0.0700232824217909	0.112123565659129	0	0.0396497853248193	0	0.00604689462575073	0.0222124069823953	0.122017791489971	0	0.178744755128953	0.0108410565592077	0	0	0	0.00297156646945222	0.00604305155545536	0	0	0.383770442388459	0	0.821278733223623	0.606199219604929
GSM2449707	0.0349751418962041	0.00772201392051433	0	0.0954485377844772	0.187926660338293	0	0.0528832380632414	0.000495286882832419	0.0254005204790384	0.00898623955088788	0.13199154242895	0	0.181193894859841	0	0.00267578195238864	0	0.00564563153721978	0.00772538828661245	0	0	0	0.256930122019499	0	0.752118665043847	0.693575037352898
GSM2449708	0.022812822234964	0.00226158192840875	0	0.199385210894876	0.0331042492202935	0	0.0689511312925126	0	0	0.0718831121021521	0.146173445205326	0	0.16201941459492	0	0	0	0	0.00495382639373024	0.013772963883971	0	0	0.274682242248847	0	0.781191113396605	0.65975825793625
GSM2449709	0.0209434928903206	0	0	0.253072015146549	0.0468506692681854	0	0.0588688580800486	0	0	0.0628117110462007	0.179049014791248	0	0.0699540404875778	0	0	0.000347311390518246	0.0062051850377048	0.0021874585242824	0.0011393416715898	0	0.0098776306329851	0.28869327103279	0	0.831874164944701	0.605085984468394
GSM2449710	0	0.0328118034418493	0	0.101715143065674	0.144449623083102	0	0.0455941656128278	0	0	0.0362305321679988	0.116861242616977	0	0.114165552759658	0	0	0	0	0.00633405316152102	0.0112361404080328	0	0	0.39060174368236	0	0.804120997172757	0.624770499975418
GSM2449711	0.000822830186511316	0.0208810564952176	0.00668101841316956	0.05690150377702	0.038951227434065	0	0.0465969427929661	0	0	0.0811726462670001	0.144362077765476	0	0.259974570658733	0	0.00397366529269537	0	0	0.00440203967431629	0.00603097970837598	0	0	0.329249441534454	0	0.789637285945595	0.638648588944701
GSM2449712	0.00614243339708076	0	0.00273000066675909	0.0976669739005233	0.0634393957493905	0	0.0254870032201965	0	0.00180186312774333	0	0.1319650895492	0	0.176408783062141	0.00326587761967743	0	0	0	0.000117517192630729	0.00639250784391673	0	0	0.484582554670741	0	0.870573165169093	0.519442204461553
GSM2449713	0.0263162795359313	0.00221408428754194	0	0.0929002941910405	0.128501877937637	0	0.0398155262293844	0	0	0	0.122394282817097	0	0.257990164802564	0	0.000432244320430553	0	0	0.00540189556939055	0.0026498618099474	0	0	0.321383488499036	0	0.837856330599965	0.598870265628297
GSM2449714	0.0345358934238217	0	0	0.0470550885958878	0.096654130113828	0	0.0678276338975613	0	0	0.0089618490120397	0.186223980518982	0	0.101328707239457	0	0	0	0	0.00275873673015091	0.00200743876827384	0	0	0.452646541699997	0	0.851765426116843	0.558088789186255
GSM2449715	0.00822397462818502	0.00981227182588392	0.00153865724348102	0.202795096886363	0.0913391175905881	0	0.0812743411817592	0.00188179091984099	0.0292834204864146	0	0.160439729873643	0	0.135141769906386	0	0.00361604566785568	0	0.0102172297760452	0.00890822998165936	0	0	0	0.255528324031895	0	0.797935414351181	0.65426236194258
GSM2449716	0.014332238227654	0.000566885064644589	0.00141241794727639	0.142967866981159	0.131220281999027	0	0.0413777632894463	0	0.00179632579958979	0	0.130602365019929	0	0.213089206605824	0	0	0	0	0.00171185449561433	0.0107373934413651	0	0	0.31018540112847	0	0.84145272421867	0.601026289841114
GSM2449717	0.0162143084544537	0	0.010515047811831	0.0707576331435815	0.0987090531327555	0	0.0292486922254512	0	0	0.0160268783979777	0.119215113601256	0	0.0532745441317502	0	0.000620083225542525	0	0.000918114933130697	0	0	0	0	0.58450053094227	0	0.831322322738163	0.562367880336124
GSM2449718	0.0331697820081679	0.0154307013035964	0	0.0541426049995292	0.169364577320371	0.00141532721436937	0.0680179409324972	0	0	0.0445196188225426	0.116986142355328	0	0.144659651461461	0	0.000605413306360751	0	0	0.00572031178667082	0.020750323949426	0	0	0.32521760453968	0	0.784730452300478	0.658283603259939
GSM2449719	0.0146373186164416	0	0.000969228524754591	0.158999120801518	0.0745475265659656	0	0.0598310363818782	0	0	0.0395399542278257	0.208129991508522	0	0.184731334944606	0	0	0	0	0.000785979081280552	0	0	0	0.257828509347207	0	0.811928861393424	0.630483825670033
GSM2449720	0.0295858794855871	0	0	0.0769445348187673	0.11030954679842	0	0.035575389702251	0	0.00171254395844025	0	0.130934971915962	0	0.190901195761271	0	0	0	0	0.00611747328946995	0.00216949495827346	0	0	0.415748969311558	0	0.827002763564767	0.590531659147966
GSM2449721	0.0135020151491121	0	0.0035755718049622	0.17750359495562	0.032215200281501	0	0.0570919805210284	0	0	0	0.150569916024712	0	0.166052744854003	0.0102203434755265	0	0	0	0.00194819945524866	0.00383286221872881	0	0	0.383487571259558	0	0.832703255366304	0.591973081331258
GSM2449722	0.00916912285612335	0.0100530101495825	0	0.200465675923219	0.11541487393402	0	0.0786823583911707	0	0	0.0292121074833754	0.159043341444236	0	0.0807129012467017	0	0	0	0	0.0082975479268786	0.00188861777522547	0	0	0.307060442869467	0	0.736334649760045	0.69500409037318
GSM2449723	0	0	0.00866609097428613	0.161236038568309	0.0705851683159785	0	0.0541105318532889	0.00442310397417781	0.0200120455672951	0	0.112404639422281	0	0.0828431570450357	0	0.00304328830673683	0	0.00591876107479723	0.000728462039274059	0	0	0	0.47602871285854	0	0.819715385943112	0.591880494458066
GSM2449724	0.0191429320485115	0.00147362133394406	0.00243721823310016	0.0441124400997246	0.119373463427331	0	0.0508941702646325	0	0	0.0326496732468394	0.222701392014357	0	0.142741057203785	0	0	0	0	0.00764261096785779	0.00337650614088422	0	0	0.353454915019033	0	0.814806527945048	0.615337448285987
GSM2449725	0.0389730896576256	0	0.003392865410371	0.120273273044121	0.0960496780613951	0	0.0510006619467368	0	0.0266285364662399	0	0.083053744760803	0	0.131495683961028	0	0.000767690535852817	0	0.00269651494251487	0.00706856711242853	0.0169666511124737	0	0	0.42163304298841	0	0.828452314789922	0.595281813977791
GSM2449726	0.0353222112677291	0	0.00261466904774279	0.0239635028115563	0.172356257059099	0.0385024094952383	0.0322818851622073	0	0	0.0697617411210146	0.05474987344853	0	0.14922979971493	0	0	0	0	0.00296018408672535	0.0113655119348358	0	0	0.406891954850391	0	0.818377805515626	0.605081884968361
GSM2449727	0.00867231103907535	0	0.00317722796772297	0.131219171610167	0.0806852437831559	0	0.0512289640874958	0	0	0	0.122325488234142	0	0.198512003206436	0	0	0	0	0.00010919841081502	0.0169501399979944	0	0	0.387120251662995	0	0.853234316348232	0.568983508356279
GSM2449728	0	0.015895652050756	0	0.0389564995562535	0.0659265900507188	0	0.0444330523063625	0	0	0.00608289699330478	0.140857375099663	0	0.109209743719482	0.00888980089710759	0	0	0	0.00145209274305102	0.00774573885702168	0	0	0.560550557726279	0	0.817656210573895	0.580681407382962
GSM2449729	0.02165998455495	0	0.00109659830714153	0.0300058877419434	0.155942744696342	0	0.0438695402624731	0	0	0	0.12839621265347	0	0.193050817831061	0.000302273058815789	0	0	0	0.0052346148723099	0.0127019651306071	0	0	0.407739360890886	0	0.839933965269202	0.579315795674319
GSM2449730	0	0.0156272504927703	0.0459705776921659	0.0649180195358349	0.134712718109991	0	0.0852957842247409	0	0	0.066033398243274	0.0956732271381807	0	0.162492499793054	0	0.00415428248026016	0	0.00589537334752833	0.0118236246700921	0	0	0	0.307403244272108	0	0.778906278485818	0.668345893877316
GSM2449731	0.012896089083722	0	0.000197261639133669	0.242217066245776	0.0855617200456744	0	0.0438812290616564	0	0.000686533030119337	0	0.179424516323295	0	0.0847916312432351	0	0	0	0	0.00156419393283128	0	0	0	0.348779759394557	0	0.83584872722818	0.593636944287232
GSM2449732	0	0.0101784172011969	0.00454123560630303	0.0747056622930039	0.00247222870920508	0	0.0394067800192115	0	0	0.0448305339294005	0.0776410663945929	0	0.117769181298119	0.00563378261765291	0	0	0	0	0.011669669425657	0	0	0.611151442505657	0	0.843385483076516	0.541254718015862
GSM2449733	0.0251038561369222	0.00334286146741543	0	0.115537636732695	0.0687988491293181	0	0.0446650841418411	0	0	0	0.285062274406856	0	0.177518191280292	0	0	0	0	0.00101080337897062	0.00308848283752608	0	0	0.275871960488163	0	0.824533907459103	0.612317992084275
GSM2449734	0.013587455429664	0.0019789395967918	0.0048709798478902	0.0868512112044878	0.0824937628964921	0	0.0365015501516301	0	0.00236550241785035	0	0.159990194122308	0	0.122080133729677	0	0	0	0	0.0026238597642272	0.00880422815889011	0	0	0.477852182680091	0	0.839736625701261	0.565278992996088
GSM2449735	0.00327942034552226	0.0114740538137171	0	0.0721648219877487	0.0729258760015306	0	0.0224604635655885	0	0	0.00449416703965152	0.119568473237289	0	0.135192597351187	0	0	0	0	0.00228330441139469	0.00501833385920008	0	0	0.55113848838717	0	0.886950778658339	0.482346936930229
GSM2449736	0.0376440400453943	0	0	0.191356590362594	0.152029885749751	0	0.0542840526544318	0	0.00465953126514432	0.0222299013535875	0.158719265973977	0	0.125316409151859	0	0	0	0	0.000375851945440156	0.00650654996421381	0	0	0.246877921533607	0	0.802523674261538	0.647925649733136
GSM2449737	0.00644224325033622	0.0141677490043229	0.00107388421623183	0.140552404037992	0.164180953962119	0	0.073662601333696	0	0.0054981973621272	0.0496196492876045	0.134689479512757	0	0.0950498509948046	0	0	0	0.00684106221856488	0.0106754351373546	0	0	0	0.297546489682089	0	0.800303030093845	0.644918386348504
GSM2449738	0.0120342808955815	0	0.00217019100294071	0.137761100271975	0.0388003560073051	0	0.114123886649897	0	0	0.0780380717239351	0.105622790725816	0	0.153289832678754	0	0	0	0	0.00449575151146198	0.00734868620291215	0	0	0.346315052329421	0	0.842990543872072	0.59336813013639
GSM2449739	0.0148005105481201	0	0.0036943883553064	0.124599939732413	0.0885747540396096	0	0.0494594755997722	0	0.000849790547832198	0	0.105903419957328	0	0.171127246214363	0	0	0	0.000353994033448454	0.00172512026477114	0.0248119782019952	0	0	0.414099382505041	0	0.846837168401412	0.572333674674144
GSM2449740	0.0084551441700427	0.01675749753529	0.000380735397233782	0.221591092744966	0.0840186921713076	0	0.0744917486042566	0	0	0.0687970528048841	0.179213005215296	0	0.147412227789356	0	0	0	0	0.00590848036371014	0	0	0	0.192974323203657	0	0.738401759982831	0.699230235735328
GSM2449741	0.0203580070574995	0.0127421142261292	0.00079933143479888	0.104613128648876	0.137989442342748	0	0.0704536098976183	0	0.0018849882412258	0	0.253380355346378	0	0.0955204524703633	0	0	0	0	0.00185089196106017	0.00380214795798663	0	0	0.296605530415316	0	0.818785310550967	0.622798927579492
GSM2449742	0.017540187377987	0	0	0.0616898747160652	0.0980424199056906	0	0.0342812924452939	0	0	0.000506519730419144	0.0889270986955131	0	0.0753354061714325	0	0	0	0	0.00676013562733175	0.0128653630878072	0	0	0.60405170224246	0	0.873060684102317	0.498390215748533
GSM2449743	0.0288661000573077	0	0.000802342238713046	0.222678230183714	0.0374951544599495	0	0.0736378706228814	0.000694097203704158	0.0090187516254271	0	0.187500535689488	0	0.126743011419132	0	0.000349137963386928	0	0	0.0057286869366055	0.000326661664360256	0	0.0195155031299651	0.286643916805364	0	0.758707134556046	0.678852868147945
GSM2449744	0.0217834048745133	0	0.000830962899879568	0.0743808223062633	0.152068114325955	0	0.0821774610710883	0	0	0.00304084073805191	0.112962581266751	0	0.103637077728558	0	0	0	0.0064796685469514	0.00246154559939287	0.00840957529199007	0	0	0.431767945350605	0	0.846183859680055	0.573850198908889
GSM2449745	0.00641685715586802	0.0311987998521214	0	0.227690440658896	0.115240703373195	0	0.0631484644568809	0	0.0108044584569783	0	0.161483752553159	0	0.0884276889212919	0	0.00289696946615802	0	0.00868061226138785	0.00679546226332858	0	0	0	0.277215790580734	0	0.785865709206893	0.659078699668369
GSM2449746	0	0.023144424997915	0.00926911100685059	0.163119675554987	0.0932902375371746	0	0.0466885898615864	0	0	0	0.145453221248761	0	0.228461089665195	0	0.00202646385219249	0.00259517890317344	0	0.00516019939751168	0.00661844980253066	0	0	0.274173358172122	0	0.763190571015045	0.678185251792281
GSM2449747	0.00574714854820607	0	0.00693521068418755	0.0599048856446255	0.138197732843735	0	0.0445172556433977	0	0.00619057955550237	0	0.12528331359816	0	0.1837871976854	0.0154234795514926	0.00252016385394777	0	0	0.00863055866717922	0	0	0	0.402862473724166	0	0.845794907840222	0.5745188324714
GSM2449748	0.00535135334699468	0	0.00151985318076173	0.192666627113729	0.105764349648947	0	0.0811689121394649	0	0	0.116721203506778	0.126563545030527	0	0.166112805583076	0	0.00360006440021248	0	0.00229548138385247	0.0120520494535894	0	0.00621875933226347	0	0.179964995879804	0	0.680423303204742	0.745823568078925
GSM2449749	0.0248859787676125	0.00928442757920008	0.000519388103952234	0.0447529204844322	0.126789819251787	0	0.0605388640259084	0	0.00882885517152319	0.000339805478337982	0.113100195357005	0	0.147477709490316	0	0	0	0	0.0035353801285479	0.0106397879319961	0	0	0.449306868229381	0	0.830570971204158	0.583680656787103
GSM2449750	0	0.00108060364951801	0.00486272677541775	0.0475397640213339	0.061663189569666	0	0.0242452723127797	0	0	0	0.0935495653729596	0	0.303120225567011	0	0	0	0	0.00206662335233061	0.0171117346477409	0	0	0.444760294731243	0	0.86643865352209	0.523246970334356
GSM2449751	0.0286452691788158	0	0	0.0743628235370986	0.172714701131079	0	0.0413364000820585	0	0.000530140847304759	0.0133374388868547	0.0917139037490903	0	0.18336068929808	0	0	0	0	0.00351601741735387	0.0128579228511719	0	0	0.377624693021092	0	0.786757660152788	0.641408100623573
GSM2449752	0.0188617054600991	0.006677727432566	0.0103233160290182	0.229677830407864	0.039784867998068	0	0.060458716931018	0	0.00328196505862885	0	0.187630161030986	0	0.0492002625399835	0	0	0.00108285471687378	0	0.00382653911986678	0	0	0.0242075233757596	0.364986529899268	0	0.718072000851468	0.705131990641941
GSM2449753	0.0299312213313352	0	0	0.132160211448997	0.102135177048722	0	0.0399734319215309	0	0.00680713042613453	0.0218640635255408	0.181522105898948	0	0.136537652628874	0	0	0	0	0.00265523694773024	0.00479634210159243	0	0	0.341617426720594	0	0.814393293104782	0.619794608147908
GSM2449754	0.00842763316593773	0.0275782838691777	0.000636824813798256	0.0145796027250122	0.195867592144508	0.0500533988044207	0.0475443352567263	0	0	0.0567134543870415	0.0789312896030391	0	0.144414710665197	0	0	0	0	0.000880978047641855	0.0149456973821559	0	0.0020410657730827	0.357385133362262	0	0.800026156693332	0.635781877153825
GSM2449755	0.0266656817726732	0	0.00124728478770193	0.0633072894658216	0.100218912611189	0	0.0326194582527742	0	0.00120925432423126	0.0473291620429187	0.180126385100843	0	0.202123394568294	0	0	0	0.000573884578404498	0.0071666290177277	0.00853384896001712	0	0	0.328878814517404	0	0.818189569632673	0.615833094574934
GSM2449756	0	0.0072330594081431	0.00495614515078794	0.0879990732372602	0.050005020318092	0	0.0342112444895707	0	0	0	0.171671318643571	0	0.107100845233858	0.0168111850741574	0	0	0	0.00104777112111	0.00356164424631177	0	0	0.515402693077137	0	0.805575557771813	0.599978298472412
GSM2449757	0.041162671752506	0	0	0.0322914290055906	0.166200663153503	0	0.0519495244756189	0	0.00797674944548254	0	0.156390599091544	0	0.120265322879617	0	0	0	0	0.00365643108552269	0.0106992543856354	0	0	0.40940735472498	0	0.81085242665777	0.614951491042818
GSM2449758	0.00577886891876847	0.0189479313551344	0.00525352154616215	0.0678815412129979	0.11073514147031	0	0.0409027449728423	0	0	0.097740530782549	0.131145371731657	0	0.183635928835086	0	0	0.000778024349036648	0	0.00433604940318166	0.00482928978339744	0	0.00961102758655991	0.318424028052317	0	0.805889655406341	0.631472173261588
GSM2449759	0.0254472139781773	0.00310678458747883	0	0.127337939865575	0.151116083523143	0	0.051317550385102	0	0	0	0.177225971845081	0	0.17332892725598	0	0	0	0	0.00259443442803566	0.00329551494390272	0	0	0.285229579187524	0	0.814641597584167	0.632286214856723
GSM2449760	0.00181290323007054	0.00761517827562094	0.0104075476465987	0.116711389813403	0.0600830560486354	0	0.047720727003124	0	0	0.0198940027644874	0.146868768836194	0	0.234638612753944	0	0	0	0	0.0080468088529542	0	0	0	0.346201004774967	0	0.777517741184224	0.650587741219766
GSM2449761	0.0194773031285537	0	0.0035376034227935	0.0706344734525734	0.0961370913442775	0	0.0753419113085913	0	0	0.0199642756477355	0.141834291125653	0	0.111455055625752	0	0	0	0	0.00174806283029563	0.0255461394549843	0	0	0.43432379265879	0	0.855008115860644	0.561841317103739
GSM2449762	0.00980683229142658	0	0.000302346897857334	0.138429278615362	0.101162195465091	0	0.0552274046153028	0	0	0	0.18760667198837	0	0.119581132150217	0	0	0	0	0.00517357531465647	0.00815791756560532	0	0	0.374552645096113	0	0.812159476037822	0.616197051426347
GSM2449763	0.00513118314950384	0.0112224723309635	0	0.0290420050192827	0.101923835444443	0.000213468722241604	0.049203014422271	0	0	0.0319324336367422	0.125997781373929	0	0.127781844169736	0	0	0	0	0.00463019903871314	0.0201860425870131	0	0	0.492735720105161	0	0.82604283352526	0.579217954689378
GSM2449764	0.0350568541916147	0	0	0.118818613367521	0.124015020361181	0	0.0726396832060465	0	0	0.010463927396866	0.158949659394793	0	0.173404465505771	0	0.00117537090507879	0.00430859568175991	0.00179606975667661	0.00175826162437991	0	0	0.0322499867088551	0.265363491899457	0	0.786059869891216	0.664656242413744
GSM2449765	0.0288304242186423	0.0174554739939633	0	0.102836422078298	0.139546849632431	0	0.0251206398898776	0	0	0	0.159730127529954	0	0.171495867347822	0	0	0	0	0.00387615065142529	0.0122503549388778	0	0	0.338857689718709	0	0.804228688783767	0.632742180865748
GSM2449766	0.030931931772676	0	0.00304949539196455	0.112496190961216	0.120870816028462	0	0.0372925169187485	0	0.00103739084493837	0	0.128949603149192	0	0.127929370418547	0.00565377287610589	0	0	0	0.00238263106553561	0.0104830017986229	0	0	0.418923278773992	0	0.832974283010027	0.588266989621156
GSM2449767	0.0119492666748295	0.00191939530889402	0.00191813920132182	0.152382951071608	0.0806785739308373	0	0.0588582312006889	0	0.00207725887447447	0	0.16681846483527	0	0.169560332876242	0	0	0	0.00114015527716135	0	0.0134000386623679	0	0	0.339297192086305	0	0.841291719345878	0.5948856930762
GSM2449768	0.0171676472052882	0	0	0.221271361571403	0.0580589649689327	0	0.0456532233552863	0	0	0.0239243677323715	0.157011930859806	0	0.152548343950043	0	0	0	0	0.000920767768361852	0.00110662940515903	0	0	0.322336763183348	0	0.811781538578511	0.622677723929986
GSM2449769	0.00614315166195854	0	0	0.102962137969847	0.0942048651802583	0	0.0452502386385364	0	0	0	0.178849312604082	0	0.158111671182336	0	0	0	0.000781024469129714	0	0.0156189098868395	0	0	0.398078688407012	0	0.860267034636454	0.557923781233709
GSM2449770	0.0488899399470919	0	0	0.0600908151818829	0.179655010748649	0.00198709988105988	0.0169940260316576	0	0.0022561535925157	0.0295935707754837	0.105610250402481	0	0.207734931020041	0	0	0.000928580396091492	0	0.00206940449050259	0.00571851154732914	0	0	0.338471705985213	0	0.814733860504867	0.620623574074599
GSM2449771	0.0749932637629287	0	0	0.212620957976108	0.132167455359181	0	0.064308098376497	0	0.00861751938887938	0	0.156538376198275	0	0.0745980516681278	0	0	0	0	0.00162250867732825	0.0049690825405496	0	0	0.269564686052125	0	0.779478996213187	0.666974335430508
GSM2449772	0.0152238601656195	0	0.00260822394490639	0.0390764961897766	0.0723881061590723	0	0.0336454061915106	0	0	0	0.0981539034094877	0	0.208318883602324	0	0	0	0	0.00449361629279869	0.0151684743269746	0	0	0.510923029717529	0	0.862756693713236	0.522392369002719
GSM2449773	0	0.0205208784136021	0.00929590686185568	0.138629240114229	0.0812930977721649	0	0.0571968972522521	0	0	0.0296310799642256	0.115834382474761	0	0.192924284692587	0	0	0.000469643834119462	0	0.00438143833536204	0.0147414348130308	0	0	0.335081715471811	0	0.802490313473523	0.634934497753044
GSM2449774	0	0.0070282330651447	0.00831747969882543	0.1674667569449	0.10953989399883	0	0.0486934720475885	0	0	0	0.221702434172361	0	0.164188935261747	0	0	0	0	0.0017227208084444	0	0	0	0.27134007400216	0	0.808742582631813	0.633472803801633
GSM2449775	0.0375282922604939	0	0	0.117044138453782	0.115921937829154	0	0.0733458933779243	0	0.0108410606115637	0	0.217323023249477	0	0.0781413940836507	0	0	0	0	0.000581148899830394	0.0034234482672806	0	0	0.345849662966843	0	0.826317074516083	0.609685674594294
GSM2449776	0.0417421444917256	0	0	0.10336936531786	0.0900941704171202	0	0.0303559914153933	0	0.00180519081244843	0.00568395007219886	0.0768080007278605	0	0.138982675797249	0.00926880320654734	0	0	0	0.000755036401327936	0.000892730869204947	0	0	0.500241940471064	0	0.843088270637477	0.556306163528314
GSM2449777	0.0358102049596569	0	0.000688337452416146	0.0601580897002331	0.166284206984443	0	0.0342214759291476	0	0.0100790812427458	0	0.0796233800860359	0	0.159796244836173	0	0	0	0	0.00418786148346829	0.0126854600792534	0	0	0.436465657246427	0	0.836525272467591	0.578594989048083
GSM2449778	0.0396971211796797	0.0155215349579179	0	0.0884087253766338	0.136303087971116	0	0.0432920942780826	0	0	0.0274817612112248	0.129828630440944	0	0.113598357857304	0	0	0	0	0.00271348896377211	0.0114168467832928	0	0	0.391738350980033	0	0.837384093223657	0.592035215094965
GSM2449779	0.0164989567925298	0	0.00492800618126477	0.047137447649269	0.083903966159526	0	0.0824487438023678	0	0	0.00589506758879353	0.158373123081028	0	0.165336244577393	0.0100857569526396	0	0	0	0	0.00871421089842062	0	0	0.416678476316768	0	0.85356895551936	0.563175499786368
GSM2449780	0.00272333863566647	0.024491802411393	0.00676761919501436	0.0226898041665903	0.147773052637651	0.0307849314078081	0.0444107360524015	0	0	0.0380695150448279	0.102546200118403	0	0.206673265043922	0	0	0	0.00322637820091182	0.00147490636872382	0	0	0	0.368368450716686	0	0.811271399625233	0.617785219585425
GSM2449781	0	0.00367141472265886	0.00369045691714716	0.086775417672823	0.0517648580066075	0	0.0434855709997551	0	0	0	0.168302328652775	0	0.0901414625329776	0.0161071178659431	0	0	0	0.00175213773456827	0.0102169262330997	0	0	0.524092308661645	0	0.805127574715187	0.600304781928249
GSM2449782	0.0139971511829528	0.00197794957990642	0.00528561186869187	0.216734081428133	0.128269811532171	0	0.0407235454071117	0	0	0.109022565487855	0.208256975357344	0	0.0845590432011053	0	0.00107875228470767	0.000219736776032346	0	0.00421997822823426	0.0125317233519789	0	0	0.173123074313776	0	0.772150648942409	0.663986109158209
GSM2449783	0.0064674513014298	0	0.00404405830951504	0.0333030394257985	0.0724879343429221	0	0.0320583365860606	0	0	0	0.0905542244615872	0	0.184271105083633	0.00523453262453781	0	0	0	0	0.00675306423181124	0	0	0.564826253632704	0	0.888106338772325	0.473530711802405
GSM2449784	0.0369942539312332	0	0	0.0470540009280819	0.14305080591351	0.0368562508004003	0.034805880915709	0	0	0	0.0894526159856349	0	0.110366225824655	0	0	0	0	0.00132692112786778	0.0133863929313515	0	0	0.486706651641555	0	0.840139806461755	0.565490304097478
GSM2449785	0	0.00255581707505824	0.00995106975032909	0.10632017854826	0.0576896266937923	0	0.05441719208071	0	0	0.0201072572796923	0.24370947757175	0	0.16507495471591	0.00270835867102336	0	0	0	0.00158457033147239	0.0042092111462232	0	0	0.331672286135779	0	0.813115970877697	0.616380703682624
GSM2449786	0.0319247279143097	0	0	0.0520671890168542	0.161470434726186	0	0.032621641135154	0	0.0161149687646067	0.00993188981778481	0.122901842571129	0	0.207327541112367	0	0.000885748383932478	0	0.00150443364214647	0.00850449652502346	0	0	0	0.354745086390506	0	0.825272054209698	0.60710249581692
GSM2449789	0.00740917816713299	0.00470398885180018	0.0026922801440674	0.104808722836555	0	0	0.0403853228482552	0	0	0.0524289148139784	0.111508023923243	0	0.140388982442032	0.00313863915881948	0	0	0	0	0	0	0	0.532535946814117	0	0.84956932541087	0.539452328454637
GSM2449790	0.0184125562998273	0	0.000132289442218993	0.0671297645830325	0.0723164111327779	0	0.0365238693820523	0	0	0	0.162369676626255	0	0.201814635078735	0	0	0	0	0.00242958818877061	0.00834288257964605	0	0	0.430528326686685	0	0.838045793762776	0.572028973725578
GSM2449791	0.0228677804725068	0	0	0.127553797479716	0.0729787558856138	0	0.0555230248685454	0	0	0.00794515952867292	0.136370609528892	0	0.139910736984913	0	0	0.000831094779479936	0	0.000227036856938915	0.0273855727580347	0	0	0.408406430856686	0	0.846174860204949	0.576057033577844
GSM2449792	0	0.027861923443351	0	0.116089006413919	0.22454593587444	0	0.05551319969555	0	0	0.0571878826663364	0.125080929941066	0	0.174839848822877	0	3.813331425289e-06	0	0	0.00632423853254204	0.00793501147873882	0	0	0.204618209799755	0	0.798479543893283	0.660593509912388
GSM2449793	0.0181371778168518	0	0.0047920836018335	0.0821923624613441	0.05075245664469	0	0.0428518547613618	0	0.00155496546938028	0	0.127717807498057	0	0.21188089806591	0.0134194566792563	0	0	0	0.000691984660168299	0	0	0	0.446008952341147	0	0.827108903394738	0.58122894621363
GSM2449794	0.0211400878206978	0.0137018096409521	0	0.0800309561664699	0.148157914075111	0	0.0418876280231891	0	0.000984911320611599	0	0.205703368928615	0	0.105731024645933	0	0	0	0	0.001334509762186	0.0108896590754268	0	0.00117085783608952	0.369267272704718	0	0.82023407186229	0.611247379860962
GSM2449795	0.0215656509941639	0.00076890479629436	0	0.0796662556175632	0.140362352261548	0	0.0444993304080236	0	0.00927261236241216	0	0.136938028044387	0	0.206392299166374	0	0	0.00663047471578589	0	0.00097243426444753	0.012523696404623	0	0.0168825488920589	0.323525412072319	0	0.816025097628842	0.624721173090852
GSM2449796	0.0146780995144828	0	0	0.0473288584263776	0.0931247847682972	0	0.0413498621429395	0	0	0	0.162635999936259	0	0.101161800963255	0.0165593365885451	0	0	0	0.000258153972860827	0	0	0	0.522903103686984	0	0.863749249381264	0.524749472799842
GSM2449797	0.0290537721893496	0	0.00117594375705558	0.0617495144320592	0.116539629996182	0	0.031159256168797	0	0	0	0.0799161760651814	0	0.197966018988396	0.00553845226322587	0	0	0	0.00110688469449891	0.00686103549286426	0	0	0.46893331595239	0	0.853399057948585	0.545984978636891
GSM2449798	0.0116744857112047	0	0.000793675806511061	0.0865007981611022	0.0593619976648132	0	0.0136652580922056	0	0.00480091101990288	0	0.0863388366539846	0	0.162432325260678	0.0076640452153918	0	0	0	0.00125797073018328	0.00637464647361419	0	0	0.559135049210409	0	0.862566349526847	0.516210920728092
GSM2449799	0.00978872708279565	0.00402807568576698	0.00261434373294941	0.0916175303748756	0.14294438534009	0	0.0330917303922265	0	0.0244492045359139	0	0.2079907373702	0	0.128317597314257	0	0	0	0	0.00259360383291437	0.00135370832490771	0	0	0.351210356013103	0	0.800926791514641	0.63053290817206
GSM2449800	0.0417597452386428	0	0	0.162687973992354	0.0654385989304135	0	0.0634095318217758	0	0	0.0586367122856293	0.228468373546196	0	0.120227788920825	0	0	0	0	0.0028276205435552	0.0113533878637479	0	0	0.245190266856861	0	0.81140748703962	0.632882452525988
GSM2449801	0	0	0.00644717131577824	0.119249125721596	0.0308984902669059	0	0.0340988933206495	0	0	0.0501398228140617	0.100251959683102	0	0.173713312838128	0	0	0	0.000293174129708101	0.00116323858111976	0	0	0	0.483744811328951	0	0.844581987227417	0.55311488306054
GSM2449802	0.0205972357733595	0	0	0.0619713980333671	0.0690701226538828	0	0.0275719973706397	0	0.00169978521542263	0	0.136445938599589	0	0.0792425949384864	0	0	0	0	0.00174144974674737	0.0137699977965589	0	0	0.587889479871947	0	0.864051215902484	0.514242895398566
GSM2449803	0.0189607697508467	0	0.00215804728520604	0.173998782623781	0.120937648610289	0	0.0416583616205696	0	0.0110033790576967	0	0.144613406087667	0	0.143500334380891	0	0.00183432227731083	0	0.00584194646173058	0.00964807709253378	0	0.00049522887525744	0	0.325349695876221	0	0.787911139361249	0.649881583691993
GSM2449804	0.0599159841943655	0	0	0.212906195478734	0.14592159171763	0	0.0341922430007318	0	0.00444958234859341	0.000727886407054879	0.116700726113478	0	0.136391722829381	0	0	0	0	0.00194432673654471	0	0	0	0.286849741173486	0	0.809736633177205	0.637526260409467
GSM2449805	0.0328725208075927	0	0.00538638267014125	0.1390365020564	0.00151676073673513	0	0.0721714943519045	0	0	0	0.165643447026158	0	0.115007994407802	0.0195264003244376	0	0	0	0	0	0	0	0.448838497618828	0	0.83854208364633	0.573511423678527
GSM2449806	0	0.0214410049262133	0.0166202348314186	0.0324456862430387	0.132935306762891	0	0.0448514703558895	0	0.00137630024886283	0.00325778291787635	0.12693554915004	0	0.238431044687063	0	0.000231420223162506	0	0	0.00783279974370727	0.0135192259924244	0	0	0.360122173917413	0	0.788531969653444	0.641098760324561
GSM2449807	0.0234115717476931	0.0107183558493666	0	0.162284838620302	0.0480380305904427	0	0.0267848814621055	0	0	0	0.247063897674037	0	0.176524507895281	0	0	0	0	1.09625793989579e-05	0.00416701730841814	0	0	0.300995936272956	0	0.82994813728758	0.604564340364175
GSM2449808	0.0200977158817338	0	0	0.0756460312502415	0.129266914816799	0	0.058953477328929	0	0.00198591651160931	0	0.14089482280163	0	0.107086520921644	0.0318400224403727	0.000347345043395208	0	0	0.00269804340854097	0.00217154072199954	0	0	0.429011648873105	0	0.841356984400135	0.577682731723499
GSM2449809	0.0424760794831209	0	0.000821861988233914	0.15461533038728	0.096871037034094	0	0.0699501992822554	0	0.0259530450805351	0	0.23484674754043	0	0.129704732439097	0	0.00321679251130234	0	0.00843131673684353	0.00315231042969106	0	0	0	0.229960547087117	0	0.780510422464558	0.667624169189788
GSM2449810	0.00617489623656254	0	0.0077140909141063	0.124255385994989	0.00823085323362818	0	0.0553525722308748	0	0	0.0313267661481887	0.147740114197517	0	0.146945340136988	0.007629323161663	0	0	0	0.00153144251572291	0.00859012954256334	0	0	0.454509085687195	0	0.831918096035596	0.576686030732561
GSM2449811	0.0221911295826363	0.0210946135109432	0.00188688049552526	0.0829056745001621	0.138922345851418	0	0.0760418094914846	0	0	0	0.187625622894752	0	0.144895837901118	0	0	0	0	0.00573627031493408	0.00304810339593631	0	0	0.31565171206109	0	0.804383379436674	0.639635990660388
GSM2449812	0.00900914945686094	0.0388803051478339	0	0.0413489365596025	0.216342625508061	0.00590868157021118	0.0655133249311509	0	0	0.109700005497582	0.135068577857082	0	0.115824375069667	0	0.000383656874098509	0.000842347535858687	0	0.000594198279539644	0.0223656036631634	0	0.00620680859453363	0.232011403454755	0	0.784108775880974	0.671689118189937
GSM2449813	0.025709882864043	0.00418599016117118	0	0.108056653370771	0.113801818037168	0	0.0547869066630636	0	0.0017896661532594	0	0.153875357095055	0	0.157403027803856	0	0	0.00327349700398722	0	0.00368928961837581	0.00878815864505086	0	0.0289105602243405	0.33572919235986	0	0.809055622991186	0.630811635238001
GSM2449814	0.0134578527579825	0.0169998607018486	0.00130406843880552	0.0708792711339096	0.132003781718613	0	0.0674903604535988	0	0	0.0829646303677131	0.146370347358297	0	0.157768241067383	0	0.0120866986540121	0	0	0.0104202386786686	0.00308810299760048	0	0	0.285166545671568	0	0.752887673961027	0.686601464511622
GSM2449815	0.00332258016821357	0	0.00516592700284844	0.0351733202185433	0.0497091727120509	0	0.0218189562780371	0	0.00226240884684125	0	0.115394162679609	0	0.325345185758162	0.00405804275468221	0	0	0	0.000676081854943578	0.0117087456193829	0	0	0.425365416106685	0	0.859178312779036	0.534615905015967
GSM2449816	0.0292891914084203	0.00463438182844103	0	0.248899839567521	0.213266311565301	0	0.0381261015617022	0	0.00913509391700064	0	0.205700777835229	0	0.0870792166924793	0	0	0.00105081443797608	0	0.0050380100940775	0.00575403656640198	0	0.00377018365578856	0.148256040869661	0	0.757785209431824	0.682293719259967
GSM2449817	0.0105594909582678	0	0.000804084124888894	0.143506783365641	0.121819656337783	0	0.0407542015244311	0	0	0	0.232511795719391	0	0.155038774851433	0	0	0.00132964415779733	0	0.00345386494181498	0.00935565737657659	0	0	0.280866046641974	0	0.807933475238957	0.633028101594909
GSM2449818	0.0171545737579158	0	0	0.1939308979542	0.0673353952081933	0	0.0677624906020197	0	0	0.084069098252426	0.180944189872904	0	0.0549110408607241	0	0	0.000777004183918621	0	0.00190222602895345	0	0	0.0012326442317597	0.329980439046985	0	0.82727181446093	0.602712714372333
GSM2449819	0.0140271909870736	0	0.00184954105183139	0.207173141397274	0.0737460383172341	0	0.0528106158775724	0	0	0.0411142637604151	0.191482107241152	0	0.208383283589007	0	0	0	0	0.000940762440335609	0	0	0	0.208473055338105	0	0.808150603046092	0.639941150548233
GSM2449820	0.00599675307421604	0	0.00751033462065154	0.0749275804454192	0.0742485214651351	0	0.0877235680702137	0	0	0	0.172170019524813	0	0.140095092431088	0	0.00502986210513633	0	0.00470948821240888	0.0112413169713183	0	0.00125866766668949	0	0.415088795412911	0	0.833141190827976	0.587932207816677
GSM2449821	0.00449997885823762	0.0171835589825933	0.0148035246447249	0.0594038506468817	0.13738183261618	0	0.0459402969210421	0	0	0.00410353475045518	0.160188013129874	0	0.12523178053001	0	0	0	0	0.00712845907932031	0.00889008989177255	0	0	0.415245079948908	0	0.842268508830593	0.579991995728486
GSM2449822	0	0.0113870961898028	0.00859877559400848	0.0762154623359178	0.0705073191944262	0	0.038264467331478	0	0	0	0.123975526232763	0	0.240081786415611	0	0	0	0	0.00667195191389758	0.00646348605655451	0	0	0.417834128735541	0	0.836837737131168	0.574819795534364
GSM2449823	0.0215554536480323	0.00890816903745052	0	0.17654089026499	0.0931735305746573	0	0.0688736720502942	0	0	0	0.15935365929142	0	0.141773204192898	0	0	0	0	0	0.0065393262686568	0	0	0.323282094671601	0	0.826442676057023	0.615040788834169
GSM2449824	0.0134890497981689	0.00162593512545218	0.000693318538709312	0.0598983380333152	0.164764084932523	0	0.0450942027993827	0	0	0.0341527299203525	0.10191637307849	0	0.105730955345601	0	0	0	0	0.0056685593100672	0.0111866708420494	0	0	0.455779782275889	0	0.830102379366019	0.583318608097021
GSM2449825	0.0231037647804422	0	0	0.254131979417546	0.113216135692019	0	0.0672367483952697	0	0	0	0.139632645292777	0	0.0988206474365599	0	0	0	0	0.00302006875177218	0.00259800793225761	0	0.0108020047402232	0.287437997561133	0	0.798944445063545	0.644674653933418
GSM2449826	0.00607429948060649	0.00176870750751711	0.000401047324371181	0.102718663803192	0.104425412783558	0	0.0530969277413149	0	0	0	0.146513904041611	0	0.18180407012428	0	0	0	0	0.0023591979233974	0.0124675736849132	0	0.000343797921897429	0.38802639766334	0	0.825723660453992	0.598656734320191
GSM2449827	0.0632317771524951	0	0	0.164293218551892	0.17097108169918	0	0.0218392331820954	0	0.0046430239753842	0.0303568762240886	0.0739373696545448	0	0.156123138534879	0	0	0.00095771870068839	0	0.00533431317100132	0.0061247659636629	0	0	0.302187483190088	0	0.808388496490287	0.637174360127133
GSM2449828	0.0131226760970394	0.0102683253196763	0.00216785172755322	0.113070102016172	0.0983386538539052	0	0.0618040383577792	0	0	0.0856162634990426	0.119866844449765	0	0.153857577308353	0	0	0	0	0.00183477209385943	0.00465187544830224	0	0	0.335401019828553	0	0.830481724903401	0.606073855307032
GSM2449829	0	0	0.00237449571272833	0.100250870480377	0.0598970872832428	0	0.0332968645147791	0	0	0	0.120152600557199	0	0.115285439409508	0	0	0	0	0	0.0160913716509377	0	0	0.552651270391228	0	0.816819970341525	0.582445716586037
GSM2449830	0.0123865180360785	0	0.000441998460221238	0.14504481392188	0.136434814422951	0	0.0427347832233648	0	0	0	0.157916699164604	0	0.108922564189804	0	0	0	0	0.0033828389331388	0.00407757410423257	0	0	0.388657395543725	0	0.828709423454689	0.597315285791445
GSM2449831	0	0.0201887751915608	0.0212344008014265	0.216019649709393	0.0709012110898853	0	0.0538868078731617	0	0	0	0.119973833949306	0	0.223951883236398	0	0	0	0	0.00541410632481667	0.00645555306667006	0	0	0.261973778757381	0	0.759411000060114	0.684197254588676
GSM2449832	0.0111293567222062	0.0303662024403808	0.00362251081689004	0.184130296045829	0.121545146985979	0	0.0475534404763418	0	0	0.0764141639567501	0.121129333018357	0	0.144876212104497	0	0	0	0	0.00618352040833481	0	0	0	0.253049817024434	0	0.754100180898437	0.686860742160985
GSM2449833	0.0479589619745323	0	0	0.100804278288346	0.0997273479272135	0	0.0496741677796604	0	0	0	0.134446425845508	0	0.107862691561972	0	0	0	0	0.00271050469236377	0.00812350341721965	0	0	0.448692118513184	0	0.849599842798953	0.563828263444746
GSM2449834	0.00335416905244541	0.00198635726162331	0.00671303050850578	0.206698611391897	0.0211707317391445	0	0.101939372605833	0	0	0.122508945986341	0.123665257768666	0	0.173856953160568	0	0	0	0	0.00428698516133157	0.0063632189535067	0	0	0.227456366410137	0	0.794623127075773	0.651843792443591
GSM2449835	0.0101656629816276	0	0.0122222653993913	0.111614378577785	0.0684660681448662	0	0.0851162936520983	0	0	0.00806010574034261	0.207688602606981	0	0.140275020597233	0	0	0	0	0.00450553981302859	0.00355111358974484	0	0	0.348334948896902	0	0.826050223639294	0.607758055329101
GSM2449836	0.0198991858447552	0	0	0.0637910313823681	0.109892068386566	0	0.0320701959074072	0	0.00403587175684635	0	0.131774572755872	0	0.188102623978088	0	0	0	0	0.00279167602059352	0.000306689621688513	0	0	0.447336084345816	0	0.840968906083547	0.56638709714611
GSM2449837	0.00499567241266427	9.04041675771539e-05	0.00293068127975101	0.118410734935449	0.0188820460701862	0	0.0862653821129052	0	0	0.0476070825620308	0.121130495363599	0	0.10441621467558	0.00195194243839159	0	0	0	0.00162488849287377	0	0	0	0.491694455488992	0	0.858279338546348	0.538975431860414
GSM2449839	0.0198919050893135	0.00289802676597617	0	0.0872049369207232	0.085513490232109	0	0.0310655748019883	0	0.00205614458514661	0	0.101926251093801	0	0.143626018880424	0	0	0	0	0.00158383718999294	0.0179589413257289	0	0	0.506274873114796	0	0.859694801145169	0.533248504926718
GSM2449840	0.0426666489766481	0	0	0.0473508623545809	0.142965953428461	0.0185597994741839	0.0319364100412564	0	0.00158204997453063	0	0.0975651319622869	0	0.179601243512086	0	0	0	0	0.00369945304948535	0.0180064281089128	0	0	0.416066019117568	0	0.811754891234479	0.609461209285508
GSM2449841	0.0372375207020552	0	0	0.166965772599431	0.0450500534572922	0	0.0460969782638687	0	0	0.0376419362529999	0.22073117023246	0	0.143965790803087	0	0	0	0	0.00476954035312883	0.00532146767455708	0	0	0.292219769661121	0	0.833488101460015	0.605220227314667
GSM2449842	0.0313107983499131	0.00566106087994271	0	0.177566267593378	0.158434019640936	0	0.0377667791013063	0	0	0	0.13347184762812	0	0.14565626454822	0	0	0.000186609307634883	0	0.00171335314545571	0.00790160463638815	0	0	0.300331395168705	0	0.819749137523469	0.626244327046182
GSM2449843	0.0295971072251066	0	0.000329080467738666	0.136492052390435	0.20492496820504	0	0.0327787882175671	0	0.00720669616496414	0	0.165597530522824	0	0.114693129618751	0	0	0	0.00465873884613225	0.00530807921317531	0.00749096892022922	0	0	0.290922860208037	0	0.788711746742429	0.655087033816494
GSM2449844	0.036924089273108	0	0	0.0469979867286353	0.153202446159678	0	0.0471182646911607	0	0	0	0.130510395051659	0	0.144902813835886	0	0	0	0	0.00592459760565908	0.00442068452501392	0	0	0.4299987221292	0	0.826109397139448	0.592446088645917
GSM2449845	0.0174427516870277	0	0.00382102750474782	0.133842380578614	0.0336222411495381	0	0.034339091556412	0	0	0.0310835576366681	0.118578476760661	0	0.21669195079833	0	0	0.00167155813543311	0	0.00653132683043713	0.00495454235734284	0	0	0.397421095004788	0	0.810836367787128	0.608449629286191
GSM2449846	0.027113137460784	0	0	0.0552599435081328	0.14878956248363	0	0.0454835611400541	0	0	0.000581947645968447	0.118848992924051	0	0.15997075504893	0	0	0	0	0.0105483207346189	0.012796418311144	0	0	0.420607360742687	0	0.809159299807867	0.612170762212706
GSM2449847	0.00342586987947131	0	0.00318174872756272	0.06705993325706	0.0977181037677972	0	0.0315552021221204	0	0	0	0.134653215254294	0	0.198680731651054	0.00738776603997716	0	0	0	0.000362435181998061	0.00231758098368136	0	0	0.453657413134984	0	0.853474699485023	0.547930228535827
GSM2449848	0.0110585289667659	0.0117451438990891	0.0112646166469212	0.114035073149336	0.111917073547527	0	0.0394771514582256	0	0	0	0.198431187115378	0	0.134398277866041	0	0	0	0	0.00565942630152581	0.0120672627963232	0	0	0.349946258252868	0	0.789604585667184	0.643834825575717
GSM2449849	0.0264722415422938	0.00333615045430291	0	0.0783377502743813	0.160568403889479	0.00185519790676974	0.0480508584214723	0	0	0.0111811009410812	0.175356443646565	0	0.113060757643441	0	0	0	0	0.00425912579434237	0.0145891159252405	0	0.00160895124282378	0.361323902317806	0	0.828652879248301	0.606556537519532
GSM2449850	0.00410039600734278	0	0.00305644094623825	0.127502146156616	0.0479910296285103	0	0.0661034602642352	0	0	0	0.28831911336323	0	0.0387603569301082	0	0	0	0	0.00220714598079749	3.08475282360274e-05	0	0.00254176173777536	0.419387301456911	0	0.826058781912873	0.586502282236484
GSM2449851	0.0107493773113492	0.0152274792270363	0.00286238077765948	0.107863142605859	0.1130919960579	0	0.0630148517115832	0	0	0.0832313877148546	0.160504423963933	0	0.131485385369175	0	0	0	0	0.00272662017228742	0.00732217716657332	0	0	0.301920777921789	0	0.840311122885275	0.603427030944099
GSM2449852	0.00465978589583026	0.0131401492992595	0.00107153671153427	0.132643625961206	0.136955877971416	0	0.0520239066062031	0	0.0125546303191756	0	0.128203641820007	0	0.0857536790936988	0	0.001876365910236	0	0.00661571984072	0.00955075359985797	0	0	0	0.414950326970856	0	0.812656497076347	0.61207609830456
GSM2449853	0.0078673232254088	0	0.00633139762351721	0.117716374505674	0.0813366834366884	0	0.0533281406323741	0	0	0	0.183998158566606	0	0.196873249072481	0	0	0	0	0.00611900593799662	0.000675122561383693	0	0	0.34575454443787	0	0.801459803444461	0.629292237451546
GSM2449854	0.0235754879589997	0.003231935779178	0	0.0464229286046016	0.15087483087261	0.0137012138335702	0.0370077053479089	0	0	0.0198556889319522	0.11504937383524	0	0.144384659166094	0.000646768874997531	0	0	0	0.00126102940847191	0.00607055604542817	0	0	0.437917821340948	0	0.829206868099688	0.586059582755682
GSM2449855	0.0203447627793892	0	0.00559746623051316	0.0525241057455579	0.161209116074252	0	0.036862881504219	0	0.00579996010482757	0.000147988331512291	0.11587792705107	0	0.27433838122655	0.0011636182859657	0.00717715446306377	0	0	0.00492912219492165	0.00489134857621651	0	0	0.309136167431942	0	0.829697191113961	0.610098813030318
GSM2449856	0.0228989344142349	0.0125640708244445	0.000639262219081376	0.127198939985097	0.136620952883945	0	0.0705077031978624	0	0.00224252167956547	0	0.186146453165519	0	0.174240208480747	0	0	0	0	0.00228640427370217	0.00326463351558129	0	0	0.261389915360219	0	0.803866443433203	0.647496943715908
GSM2449857	0.0108244000439542	0.0101205806655218	0.00390754580614402	0.128702834717816	0.125851262039021	0	0.0462773546073325	0	0	0	0.188516172607024	0	0.132200350476576	0	0	0	0	0.000488152719612763	0.0115837047646215	0	0	0.341527641552375	0	0.842826207426998	0.593906220971812
GSM2449858	0.0441487057123162	0.00489537621028713	0	0.103008875887193	0.147704141266125	0	0.0561539779399237	0	0.0117974150562393	0	0.181731505893261	0	0.11322316354804	0	0	0	0	0.00156316280688607	0.00134599580889207	0	0	0.334427679870836	0	0.818864499048867	0.621752936576548
GSM2449859	0.0132209761974493	0	0.00061984687651736	0.0911203046912683	0.18557262290577	0	0.0474700341712467	0	0.00277352973432621	0.0762442075359103	0.0856426187218748	0	0.110418238233759	0	0	0	0	0.00331041625507699	0.0168349849785768	0	0	0.366772219698225	0	0.82502346916273	0.608055290704546
GSM2449860	0.0387906453048152	0	0	0.134530091758332	0.142012021528016	0	0.0737249196997379	0	0	0.0477730946210038	0.285178365980909	0	0.115922865949356	0	0.000279619490286083	0	0.00202555167028355	0.005931767631389	0	0	0	0.153831056365871	0	0.776545498302099	0.665086669699674
GSM2449861	0.0129645694941711	0.000902819983305206	0.00230342015998582	0.0836901144822209	0.0863379577727785	0	0.0411375967708016	0	0	0	0.0916485418231174	0	0.0915000499434285	0	0	0	0	0.00402173295824401	0.0200035103009599	0	0	0.565489686310987	0	0.866247258595209	0.514897811426667
GSM2449863	0.0341868211137158	0	0	0.0425775277158419	0.146061522447642	0	0.0343173482808387	0	0	0.00123063140425955	0.127410867045798	0	0.133935105307969	0.0030032227750441	0	0	0	0.00254401982256713	0.00563595153769021	0	0	0.469096982548634	0	0.832715968102727	0.576001511492555
GSM2449864	0.00681951097425149	0	0	0.0947727599159992	0.120059582966054	0	0.0335484690682	0	0.00740265326088875	0.00868645355600906	0.196222542128423	0	0.0893239012548969	0	0.00269987579589592	0	0.0042864478492655	0.00585108298717832	0	0	0	0.430326720242937	0	0.797839094864367	0.620718117781309
GSM2449865	0.000716897319346201	0.0165049800816644	0.00875714054597354	0.196163953800707	0.00525698295441701	0	0.0503712562453632	0	0	0	0.119702026475962	0	0.19114795625126	0	0	0.00120030597210673	0	0.010846809819477	0.00108133373110803	0	0	0.398250356802614	0	0.795366692584275	0.627091435980371
GSM2449866	0.00965974178177488	0.00159947273111905	0.00343406723287454	0.147205541096443	0.0272779533275138	0	0.0463849673146888	0	0	0.0180035640175128	0.14037504020474	0	0.191523097485325	0	0	0	0	0.00271554768772592	0.00439507771115614	0	0	0.407425929409127	0	0.834153696457259	0.581990506804625
GSM2449867	0.00608912301284725	0	0	0.178703478933459	0.0579939143977194	0	0.0532555416272511	0	0	0.0154517423808943	0.227393917275767	0	0.197904835970695	0	0	0	0	0.000445730812162186	0	0	0	0.262761715589205	0	0.818101254807894	0.621202112929273
GSM2449868	0.0300339551010002	0.00259139601249265	0	0.096590107988245	0.11514382383595	0	0.0441837008635117	0	0.00175194682070219	0	0.135713587664761	0	0.283754388147961	0	0	0	0	0.010192443294671	0.00404094264099637	0	0	0.276003707629709	0	0.800499821960612	0.643455521046813
GSM2449869	0.0196235502849772	0	0.000872917617410471	0.0420465954125811	0.0635128946407204	0	0.0396950829124034	0	0	0.0127092149313116	0.133243389974508	0	0.172272495837302	0	0	0	0	0.00294821559753578	0.0100460406857942	0	0	0.503029602105456	0	0.86094750767454	0.528947924638338
GSM2449870	0.0260289453825266	0	0	0.0917013652583021	0.0737111815068166	0	0.0695775874163421	0	0	0	0.255146809624872	0	0.160899239894117	0	0	0	0	0	0	0	0	0.322934870917023	0	0.821584225558261	0.611483388873817
GSM2449871	0.0269684499191963	0.00312842442681034	0	0.139128197159495	0.0538053664405011	0	0.0473111245652468	0	0	0	0.243145341206347	0	0.162301203364582	0	0	0	0	0.00188666822611754	0.0063551951689448	0	0	0.315970029522759	0	0.825988254971934	0.608416214970864
GSM2449872	0.0257328781360549	0	0	0.0657648554191097	0.0909769451171205	0	0.0483734661837517	0	0	0.00820891744100009	0.212706344346156	0	0.204186439956393	0	0.000150878434672703	0	0.00023743089886278	0.00697147283017047	0.00229873225425551	0	0	0.334391638982453	0	0.804874973814218	0.627005140896894
GSM2449873	0.0285853447063814	0.00860237669350232	0	0.099324074794045	0.132544678032379	0	0.0609940330915873	0	0.00302342407066857	0	0.238048702507773	0	0.165575748507531	0	0	0	0	0.00436618107156188	0.00832049376337191	0	0	0.250614942761199	0	0.808280200858691	0.642328569459311
GSM2449874	0.0289385910918114	0	0	0.0358894443647338	0.14336319549879	0.0150892463836728	0.0522663467230526	0	0	0.0297214136365466	0.132343192434479	0	0.0789483667528837	0	0	0	0	0.00125059412993473	0	0	0	0.482189608984095	0	0.853710248973731	0.550243697146529
GSM2449875	0.0397746118340585	0	0.00252508875167489	0.0781620882648779	0.0787610079329583	0	0.063419308442789	0	0	0.052408603130772	0.0953692649036866	0	0.139449873063962	0.027367919469196	0.000781245411877479	0	0	0	0	0	0	0.421980988794148	0	0.821009231681672	0.599646651028176
GSM2449876	0.0187454725266997	0	0.00336090715926508	0.22188746065972	0.0609491748970317	0	0.091189410155859	0	0	0.101282074889627	0.1319326411782	0	0.139669479679374	0	0	0	0	0.00376292429649418	0	0	0	0.22722045455773	0	0.814511944299195	0.634843199680238
GSM2449877	0.0052716410157823	0	0	0.0908602772154045	0.0864491954666912	0	0.0589336571001499	0	0	0	0.157503018943741	0	0.157308684075694	0	0	0	0.000777353367190467	0	0.0208659707288327	0	0	0.422030202086514	0	0.845349979220563	0.570341017554994
GSM2449878	0	0	0.00549856369275845	0.145426096169978	0.0332230131087279	0	0.08723647362505	0	0	0.139961724625957	0.0830608150081998	0	0.165644343552843	0	0.00559995528166271	0	0.00601835659103236	0.000893813332202158	0	0	0	0.327436845011588	0	0.752225287269602	0.676923327515669
GSM2449879	0.0285021517660108	0	0.00333366767861379	0.0516459220650089	0.129871746015919	0	0.0544980819004066	0	0.00325313198555634	0.0383196340906302	0.0731778762243309	0	0.256057681739137	0	0.00086916492178007	0	0	0.00320810928073773	0.0061276142663736	0	0.000852378095493836	0.350282839970001	0	0.786758335555242	0.642177856224143
GSM2449880	0.0466927230906079	0	0	0.180016472598677	0.107660488345762	0	0.03125807693594	0	0	0	0.0965635724861863	0	0.135773518700824	0.0105175811187368	0	0	0	0.00214848023214987	0.00139585270807774	0	0	0.387973233783038	0	0.824555344825192	0.603422211271991
GSM2449881	0.0220459437592103	0	0.000847840038998388	0.186706375204757	0.148426526913003	0	0.0323605553930687	0	0.00874508879461578	0	0.103056649878936	0	0.122407983986979	0.000705743601511524	0	0	0	0.00287994939992549	0.00892543525782596	0	0	0.362891907771168	0	0.80567129791792	0.626721226273248
GSM2449882	0.0150934472156999	0.00829396832107816	0.00169819203131525	0.0985475793676718	0.11732964403813	0	0.0434135670555009	0	0.00423192807511988	0	0.139944703800019	0	0.189423509105682	0	0	0	0	0.00245175274747457	0	0	0	0.379571708242309	0	0.838610233284031	0.586853322999324
GSM2449883	0	0.0225210154150487	0.00874161443013924	0.0829958539013448	0	0	0.0378525507476455	0	0	0.0472029840680083	0.124402395007543	0	0.104101024708389	0	0	0	0	0	0	0.0040836110160288	0	0.568098950705853	0	0.845205214083309	0.542723774704869
GSM2449884	0.00889397808726594	0.0329012844955643	0.00330665513934753	0.105447801661911	0.123850552555424	0	0.0631063125651765	0	0	0	0.166130907740335	0	0.179287252923926	0	0	0	0	0.00514749760261065	0.00460388553540605	0	0	0.307323871693033	0	0.778526425043835	0.66271050127308
GSM2449885	0.0302452385824788	0	0	0.117804598978592	0.0935882863833845	0	0.0450999367671589	0	0	0	0.160801657166706	0	0.124346047504269	0	0	0	0	0.0014624616306705	0.0143656015711869	0	0	0.412286171415553	0	0.854501504523011	0.565252251167102
GSM2449886	0.00228019484292516	0.0274374508865432	0.00410335841259869	0.0541820179072764	0.126403845649547	0	0.0592070293010801	0	0	0	0.113596239198631	0	0.221745234728032	0	0.00163457465417202	0	0	0.00485407474929747	0.0137745117835705	0	0	0.370781467886326	0	0.803852893334558	0.625365300973367
GSM2449887	0.0179343495392214	0.0165415835439282	0.0040817578163308	0.082276174422395	0.140436915287505	0	0.0701498276616314	0	0.00921996626490114	0	0.155712705900866	0	0.160128285500421	0	0	0.000859680291722837	0	0.00336903459091855	0.00628606905123109	0	0.0414282241667794	0.291575425962148	0	0.792008244954962	0.657793542453942
