#Res        AtomicFlx
   1.000       3.6136
   2.000       1.1447
   3.000       0.7277
   4.000       0.7661
   5.000       0.7845
   6.000       0.8408
   7.000       1.0754
   8.000       1.1716
   9.000       1.3841
  10.000       1.2055
  11.000       0.9986
  12.000       1.2686
  13.000       1.3993
  14.000       1.1890
  15.000       1.1812
  16.000       1.5248
  17.000       1.6605
  18.000       1.2427
  19.000       1.1595
  20.000       1.0583
  21.000       0.9147
  22.000       0.6926
  23.000       0.6466
  24.000       0.6772
  25.000       0.6214
  26.000       0.7142
  27.000       0.8302
  28.000       0.8612
  29.000       1.1208
  30.000       1.0918
  31.000       0.7564
  32.000       0.7947
  33.000       0.5689
  34.000       0.6269
  35.000       0.4266
  36.000       0.4333
  37.000       0.4007
  38.000       0.4507
  39.000       0.5038
  40.000       0.5773
  41.000       0.7134
  42.000       0.8251
  43.000       0.9162
  44.000       1.2233
  45.000       1.5897
  46.000       1.5102
  47.000       1.7690
  48.000       1.3352
  49.000       1.0762
  50.000       1.2455
  51.000       0.8917
  52.000       0.7582
  53.000       0.7551
  54.000       0.7746
  55.000       0.6410
  56.000       0.5464
  57.000       0.6366
  58.000       0.6507
  59.000       0.5133
  60.000       0.5063
  61.000       0.6000
  62.000       0.5351
  63.000       0.4680
  64.000       0.5416
  65.000       0.6297
  66.000       0.6060
  67.000       0.6423
  68.000       0.5143
  69.000       0.5895
  70.000       0.5458
  71.000       0.5500
  72.000       0.5285
  73.000       0.5662
  74.000       0.5914
  75.000       0.6153
  76.000       0.6726
  77.000       0.7590
  78.000       0.7719
  79.000       0.8387
  80.000       0.7514
  81.000       0.6661
  82.000       0.7787
  83.000       0.8039
  84.000       0.7135
  85.000       0.6829
  86.000       0.8330
  87.000       0.8314
  88.000       0.7383
  89.000       0.8557
  90.000       0.9401
  91.000       0.8991
  92.000       1.0344
  93.000       0.8856
  94.000       0.7812
  95.000       0.9530
  96.000       0.9083
  97.000       0.7195
  98.000       0.6130
  99.000       0.5586
 100.000       0.5257
 101.000       0.4443
 102.000       0.4246
 103.000       0.4203
 104.000       0.4954
 105.000       0.5694
 106.000       0.5924
 107.000       0.7385
 108.000       0.8698
 109.000       1.2975
 110.000       1.4264
 111.000       1.2377
 112.000       1.0074
 113.000       0.7682
 114.000       0.7849
 115.000       0.7483
 116.000       0.8453
 117.000       0.9799
 118.000       1.0483
 119.000       1.5330
 120.000       2.1431
 121.000       2.1675
 122.000       1.6207
 123.000       1.2547
 124.000       0.8999
 125.000       0.8720
 126.000       0.7774
 127.000       0.8613
 128.000       0.9055
 129.000       1.0098
 130.000       0.8858
 131.000       0.7974
 132.000       0.9707
 133.000       1.0462
 134.000       0.8952
 135.000       0.8331
 136.000       1.3134
 137.000       1.3117
 138.000       1.3944
 139.000       1.6966
 140.000       1.5135
 141.000       1.1851
 142.000       1.0413
 143.000       0.8212
 144.000       0.8752
 145.000       0.8704
 146.000       0.7336
 147.000       0.5925
 148.000       0.5412
 149.000       0.4755
 150.000       0.4946
 151.000       0.4966
 152.000       0.6093
 153.000       0.7559
 154.000       1.0550
 155.000       1.3572
 156.000       1.2016
 157.000       1.3990
 158.000       1.6771
 159.000       1.6991
 160.000       2.2451
 161.000       2.6990
 162.000       2.9368
 163.000       3.7500
 164.000       5.5358
 165.000       7.3811
 166.000       9.3731
 167.000      11.6499
 168.000      14.1104
 169.000      11.5447
 170.000       9.7391
 171.000       7.9425
 172.000       5.7880
 173.000       3.4159
 174.000       2.0812
 175.000       1.1059
 176.000       0.8631
 177.000       0.6791
 178.000       0.6399
 179.000       0.6018
 180.000       0.5900
 181.000       0.6034
 182.000       0.7136
 183.000       0.7493
 184.000       0.9376
 185.000       1.0455
 186.000       1.2963
 187.000       1.5478
 188.000       1.5439
 189.000       1.5542
 190.000       1.1846
 191.000       1.1615
 192.000       1.1851
 193.000       1.3651
 194.000       1.8256
 195.000       1.7086
 196.000       1.2829
 197.000       0.9817
 198.000       0.8636
 199.000       0.9489
 200.000       0.7835
 201.000       0.6938
 202.000       0.8438
 203.000       0.7981
 204.000       0.6609
 205.000       0.6709
 206.000       0.7604
 207.000       0.6838
 208.000       0.6057
 209.000       0.6584
 210.000       0.7384
 211.000       0.6519
 212.000       0.5904
 213.000       0.7080
 214.000       0.8452
 215.000       0.7052
 216.000       0.5980
 217.000       0.5584
 218.000       0.6778
 219.000       0.6941
 220.000       0.5963
 221.000       0.6415
 222.000       0.7740
 223.000       0.7847
 224.000       0.7456
 225.000       0.8798
 226.000       1.0113
 227.000       1.0374
 228.000       1.0410
 229.000       1.2577
 230.000       1.7267
 231.000       1.9503
 232.000       1.9128
 233.000       2.9018
 234.000       1.5297
 235.000       1.5775
 236.000       1.0533
 237.000       0.9507
 238.000       0.7923
 239.000       0.8268
 240.000       0.7491
 241.000       0.8011
 242.000       0.8350
 243.000       0.7573
 244.000       0.7767
 245.000       0.7630
 246.000       0.8649
 247.000       0.7018
 248.000       0.6699
 249.000       0.5700
 250.000       0.5726
 251.000       0.5731
 252.000       0.6104
 253.000       0.6503
 254.000       0.7839
 255.000       0.7066
